/*--------------------------------*- C++ -*----------------------------------*\
  =========                 |
  \\      /  F ield         | OpenFOAM: The Open Source CFD Toolbox
   \\    /   O peration     | Website:  https://openfoam.org
    \\  /    A nd           | Version:  7
     \\/     M anipulation  |
\*---------------------------------------------------------------------------*/
FoamFile
{
    version     2.0;
    format      ascii;
    class       labelList;
    note        "nPoints:15446  nCells:10954  nFaces:40585  nInternalFaces:18325";
    location    "constant/polyMesh";
    object      neighbour;
}
// * * * * * * * * * * * * * * * * * * * * * * * * * * * * * * * * * * * * * //


18325
(
1
19
2584
2
20
2585
3
21
2586
4
22
2587
5
23
2588
6
24
2589
7
25
2590
8
26
2591
9
27
2592
10
28
2593
11
29
2594
12
30
2595
13
31
2596
14
32
2597
15
33
2598
16
34
2599
17
35
2600
18
36
2601
37
2602
5649
20
38
21
39
22
40
23
41
24
42
25
43
26
44
27
45
28
46
29
47
30
48
31
49
32
50
33
51
34
52
35
53
36
54
37
55
56
5684
39
57
40
58
41
59
42
60
43
61
44
62
45
63
46
64
47
65
48
66
49
67
50
68
51
69
52
70
53
71
54
72
55
73
56
74
75
5587
58
76
59
77
60
78
61
79
62
80
63
81
64
82
65
83
66
84
67
85
68
86
69
87
70
88
71
89
72
90
73
91
74
92
75
93
94
5702
77
95
78
96
79
97
80
98
81
99
82
100
83
101
84
102
85
103
86
104
87
105
88
106
89
107
90
108
91
109
92
110
93
111
94
112
113
5590
96
114
97
115
98
116
99
117
100
118
101
119
102
120
103
121
104
122
105
123
106
124
107
125
108
126
109
127
110
128
111
129
112
130
113
131
132
5693
115
133
116
134
117
135
118
136
119
137
120
138
121
139
122
140
123
141
124
142
125
143
126
144
127
145
128
146
129
147
130
148
131
149
132
150
151
5674
134
152
135
153
136
154
137
155
138
156
139
157
140
158
141
159
142
160
143
161
144
162
145
163
146
164
147
165
148
166
149
167
150
168
151
169
170
5632
153
171
154
172
155
173
156
174
157
175
158
176
159
177
160
178
161
179
162
180
163
181
164
182
165
183
166
184
167
185
168
186
169
187
170
188
189
5642
172
190
173
191
174
192
175
193
176
194
177
195
178
196
179
197
180
198
181
199
182
200
183
201
184
202
185
203
186
204
187
205
188
206
189
207
208
5613
191
209
192
210
193
211
194
212
195
213
196
214
197
215
198
216
199
217
200
218
201
219
202
220
203
221
204
222
205
223
206
224
207
225
208
226
227
5584
210
228
211
229
212
230
213
231
214
232
215
233
216
234
217
235
218
236
219
237
220
238
221
239
222
240
223
241
224
242
225
243
226
244
227
245
246
5538
229
247
230
248
231
249
232
250
233
251
234
252
235
253
236
254
237
255
238
256
239
257
240
258
241
259
242
260
243
261
244
262
245
263
246
264
265
4242
248
266
249
267
250
268
251
269
252
270
253
271
254
272
255
273
256
274
257
275
258
276
259
277
260
278
261
279
262
280
263
281
264
282
265
283
284
5604
267
285
268
286
269
287
270
288
271
289
272
290
273
291
274
292
275
293
276
294
277
295
278
296
279
297
280
298
281
299
282
300
283
301
284
302
303
5489
286
304
287
305
288
306
289
307
290
308
291
309
292
310
293
311
294
312
295
313
296
314
297
315
298
316
299
317
300
318
301
319
302
320
303
321
322
5300
305
323
306
324
307
325
308
326
309
327
310
328
311
329
312
330
313
331
314
332
315
333
316
334
317
335
318
336
319
337
320
338
321
339
322
340
341
5332
324
342
325
343
326
344
327
345
328
346
329
347
330
348
331
349
332
350
333
351
334
352
335
353
336
354
337
355
338
356
339
357
340
358
341
359
360
5143
343
361
344
362
345
363
346
364
347
365
348
366
349
367
350
368
351
369
352
370
353
371
354
372
355
373
356
374
357
375
358
376
359
377
360
378
379
4239
362
380
363
381
364
382
365
383
366
384
367
385
368
386
369
387
370
388
371
389
372
390
373
391
374
392
375
393
376
394
377
395
378
396
379
397
398
5150
381
399
382
400
383
401
384
402
385
403
386
404
387
405
388
406
389
407
390
408
391
409
392
410
393
411
394
412
395
413
396
414
397
415
398
416
417
4147
400
418
401
419
402
420
403
421
404
422
405
423
406
424
407
425
408
426
409
427
410
428
411
429
412
430
413
431
414
432
415
433
416
434
417
435
436
5164
419
437
420
438
421
439
422
440
423
441
424
442
425
443
426
444
427
445
428
446
429
447
430
448
431
449
432
450
433
451
434
452
435
453
436
454
455
4937
438
456
439
457
440
458
441
459
442
460
443
461
444
462
445
463
446
464
447
465
448
466
449
467
450
468
451
469
452
470
453
471
454
472
455
473
474
4916
457
475
458
476
459
477
460
478
461
479
462
480
463
481
464
482
465
483
466
484
467
485
468
486
469
487
470
488
471
489
472
490
473
491
474
492
493
5036
476
494
477
495
478
496
479
497
480
498
481
499
482
500
483
501
484
502
485
503
486
504
487
505
488
506
489
507
490
508
491
509
492
510
493
511
512
4961
495
513
496
514
497
515
498
516
499
517
500
518
501
519
502
520
503
521
504
522
505
523
506
524
507
525
508
526
509
527
510
528
511
529
512
530
531
5248
514
532
515
533
516
534
517
535
518
536
519
537
520
538
521
539
522
540
523
541
524
542
525
543
526
544
527
545
528
546
529
547
530
548
531
549
550
5217
533
551
534
552
535
553
536
554
537
555
538
556
539
557
540
558
541
559
542
560
543
561
544
562
545
563
546
564
547
565
548
566
549
567
550
568
569
4984
552
570
553
571
554
572
555
573
556
574
557
575
558
576
559
577
560
578
561
579
562
580
563
581
564
582
565
583
566
584
567
585
568
586
569
587
588
5582
571
589
572
590
573
591
574
592
575
593
576
594
577
595
578
596
579
597
580
598
581
599
582
600
583
601
584
602
585
603
586
604
587
605
588
606
607
5001
590
608
591
609
592
610
593
611
594
612
595
613
596
614
597
615
598
616
599
617
600
618
601
619
602
620
603
621
604
622
605
623
606
624
607
625
626
4991
609
627
610
628
611
629
612
630
613
631
614
632
615
633
616
634
617
635
618
636
619
637
620
638
621
639
622
640
623
641
624
642
625
643
626
644
645
5182
628
646
629
647
630
648
631
649
632
650
633
651
634
652
635
653
636
654
637
655
638
656
639
657
640
658
641
659
642
660
643
661
644
662
645
663
664
5778
647
665
648
666
649
667
650
668
651
669
652
670
653
671
654
672
655
673
656
674
657
675
658
676
659
677
660
678
661
679
662
680
663
681
664
682
683
5007
666
684
667
685
668
686
669
687
670
688
671
689
672
690
673
691
674
692
675
693
676
694
677
695
678
696
679
697
680
698
681
699
682
700
683
701
702
5715
685
703
686
704
687
705
688
706
689
707
690
708
691
709
692
710
693
711
694
712
695
713
696
714
697
715
698
716
699
717
700
718
701
719
702
720
721
5018
704
722
705
723
706
724
707
725
708
726
709
727
710
728
711
729
712
730
713
731
714
732
715
733
716
734
717
735
718
736
719
737
720
738
721
739
740
5013
723
741
724
742
725
743
726
744
727
745
728
746
729
747
730
748
731
749
732
750
733
751
734
752
735
753
736
754
737
755
738
756
739
757
740
758
759
4839
742
760
743
761
744
762
745
763
746
764
747
765
748
766
749
767
750
768
751
769
752
770
753
771
754
772
755
773
756
774
757
775
758
776
759
777
778
5019
761
779
762
780
763
781
764
782
765
783
766
784
767
785
768
786
769
787
770
788
771
789
772
790
773
791
774
792
775
793
776
794
777
795
778
796
797
5014
780
798
781
799
782
800
783
801
784
802
785
803
786
804
787
805
788
806
789
807
790
808
791
809
792
810
793
811
794
812
795
813
796
814
797
815
816
5708
799
817
800
818
801
819
802
820
803
821
804
822
805
823
806
824
807
825
808
826
809
827
810
828
811
829
812
830
813
831
814
832
815
833
816
834
835
4201
818
836
819
837
820
838
821
839
822
840
823
841
824
842
825
843
826
844
827
845
828
846
829
847
830
848
831
849
832
850
833
851
834
852
835
853
854
5006
837
855
838
856
839
857
840
858
841
859
842
860
843
861
844
862
845
863
846
864
847
865
848
866
849
867
850
868
851
869
852
870
853
871
854
872
873
5017
856
874
857
875
858
876
859
877
860
878
861
879
862
880
863
881
864
882
865
883
866
884
867
885
868
886
869
887
870
888
871
889
872
890
873
891
892
5204
875
893
876
894
877
895
878
896
879
897
880
898
881
899
882
900
883
901
884
902
885
903
886
904
887
905
888
906
889
907
890
908
891
909
892
910
911
4992
894
912
895
913
896
914
897
915
898
916
899
917
900
918
901
919
902
920
903
921
904
922
905
923
906
924
907
925
908
926
909
927
910
928
911
929
930
5005
913
931
914
932
915
933
916
934
917
935
918
936
919
937
920
938
921
939
922
940
923
941
924
942
925
943
926
944
927
945
928
946
929
947
930
948
949
5009
932
950
933
951
934
952
935
953
936
954
937
955
938
956
939
957
940
958
941
959
942
960
943
961
944
962
945
963
946
964
947
965
948
966
949
967
968
4985
951
969
952
970
953
971
954
972
955
973
956
974
957
975
958
976
959
977
960
978
961
979
962
980
963
981
964
982
965
983
966
984
967
985
968
986
987
5015
970
988
971
989
972
990
973
991
974
992
975
993
976
994
977
995
978
996
979
997
980
998
981
999
982
1000
983
1001
984
1002
985
1003
986
1004
987
1005
1006
4995
989
1007
990
1008
991
1009
992
1010
993
1011
994
1012
995
1013
996
1014
997
1015
998
1016
999
1017
1000
1018
1001
1019
1002
1020
1003
1021
1004
1022
1005
1023
1006
1024
1025
4960
1008
1026
1009
1027
1010
1028
1011
1029
1012
1030
1013
1031
1014
1032
1015
1033
1016
1034
1017
1035
1018
1036
1019
1037
1020
1038
1021
1039
1022
1040
1023
1041
1024
1042
1025
1043
1044
4978
1027
1045
1028
1046
1029
1047
1030
1048
1031
1049
1032
1050
1033
1051
1034
1052
1035
1053
1036
1054
1037
1055
1038
1056
1039
1057
1040
1058
1041
1059
1042
1060
1043
1061
1044
1062
1063
4986
1046
1064
1047
1065
1048
1066
1049
1067
1050
1068
1051
1069
1052
1070
1053
1071
1054
1072
1055
1073
1056
1074
1057
1075
1058
1076
1059
1077
1060
1078
1061
1079
1062
1080
1063
1081
1082
4938
1065
1083
1066
1084
1067
1085
1068
1086
1069
1087
1070
1088
1071
1089
1072
1090
1073
1091
1074
1092
1075
1093
1076
1094
1077
1095
1078
1096
1079
1097
1080
1098
1081
1099
1082
1100
1101
5762
1084
1102
1085
1103
1086
1104
1087
1105
1088
1106
1089
1107
1090
1108
1091
1109
1092
1110
1093
1111
1094
1112
1095
1113
1096
1114
1097
1115
1098
1116
1099
1117
1100
1118
1101
1119
1120
4573
1103
3779
1104
3780
1105
3781
1106
3782
1107
3783
1108
3784
1109
3785
1110
3786
1111
3787
1112
3788
1113
3789
1114
3790
1115
3791
1116
3792
1117
3793
1118
3794
1119
3795
1120
3796
3797
5151
1122
1140
4121
1123
1141
4122
1124
1142
4123
1125
1143
4124
1126
1144
4125
1127
1145
4126
1128
1146
4127
1129
1147
4128
1130
1148
4129
1131
1149
4130
1132
1150
4131
1133
1151
4132
1134
1152
4133
1135
1153
4134
1136
1154
4135
1137
1155
4136
1138
1156
4137
1139
1157
4138
1158
4139
5769
1141
1159
1142
1160
1143
1161
1144
1162
1145
1163
1146
1164
1147
1165
1148
1166
1149
1167
1150
1168
1151
1169
1152
1170
1153
1171
1154
1172
1155
1173
1156
1174
1157
1175
1158
1176
1177
5755
1160
1178
1161
1179
1162
1180
1163
1181
1164
1182
1165
1183
1166
1184
1167
1185
1168
1186
1169
1187
1170
1188
1171
1189
1172
1190
1173
1191
1174
1192
1175
1193
1176
1194
1177
1195
1196
5725
1179
1197
1180
1198
1181
1199
1182
1200
1183
1201
1184
1202
1185
1203
1186
1204
1187
1205
1188
1206
1189
1207
1190
1208
1191
1209
1192
1210
1193
1211
1194
1212
1195
1213
1196
1214
1215
5704
1198
1216
1199
1217
1200
1218
1201
1219
1202
1220
1203
1221
1204
1222
1205
1223
1206
1224
1207
1225
1208
1226
1209
1227
1210
1228
1211
1229
1212
1230
1213
1231
1214
1232
1215
1233
1234
5721
1217
1235
1218
1236
1219
1237
1220
1238
1221
1239
1222
1240
1223
1241
1224
1242
1225
1243
1226
1244
1227
1245
1228
1246
1229
1247
1230
1248
1231
1249
1232
1250
1233
1251
1234
1252
1253
5698
1236
1254
1237
1255
1238
1256
1239
1257
1240
1258
1241
1259
1242
1260
1243
1261
1244
1262
1245
1263
1246
1264
1247
1265
1248
1266
1249
1267
1250
1268
1251
1269
1252
1270
1253
1271
1272
5677
1255
1273
1256
1274
1257
1275
1258
1276
1259
1277
1260
1278
1261
1279
1262
1280
1263
1281
1264
1282
1265
1283
1266
1284
1267
1285
1268
1286
1269
1287
1270
1288
1271
1289
1272
1290
1291
5636
1274
1292
1275
1293
1276
1294
1277
1295
1278
1296
1279
1297
1280
1298
1281
1299
1282
1300
1283
1301
1284
1302
1285
1303
1286
1304
1287
1305
1288
1306
1289
1307
1290
1308
1291
1309
1310
5645
1293
1311
1294
1312
1295
1313
1296
1314
1297
1315
1298
1316
1299
1317
1300
1318
1301
1319
1302
1320
1303
1321
1304
1322
1305
1323
1306
1324
1307
1325
1308
1326
1309
1327
1310
1328
1329
5617
1312
1330
1313
1331
1314
1332
1315
1333
1316
1334
1317
1335
1318
1336
1319
1337
1320
1338
1321
1339
1322
1340
1323
1341
1324
1342
1325
1343
1326
1344
1327
1345
1328
1346
1329
1347
1348
5496
1331
1349
1332
1350
1333
1351
1334
1352
1335
1353
1336
1354
1337
1355
1338
1356
1339
1357
1340
1358
1341
1359
1342
1360
1343
1361
1344
1362
1345
1363
1346
1364
1347
1365
1348
1366
1367
5547
1350
1368
1351
1369
1352
1370
1353
1371
1354
1372
1355
1373
1356
1374
1357
1375
1358
1376
1359
1377
1360
1378
1361
1379
1362
1380
1363
1381
1364
1382
1365
1383
1366
1384
1367
1385
1386
5594
1369
1387
1370
1388
1371
1389
1372
1390
1373
1391
1374
1392
1375
1393
1376
1394
1377
1395
1378
1396
1379
1397
1380
1398
1381
1399
1382
1400
1383
1401
1384
1402
1385
1403
1386
1404
1405
5889
1388
1406
1389
1407
1390
1408
1391
1409
1392
1410
1393
1411
1394
1412
1395
1413
1396
1414
1397
1415
1398
1416
1399
1417
1400
1418
1401
1419
1402
1420
1403
1421
1404
1422
1405
1423
1424
5507
1407
1425
1408
1426
1409
1427
1410
1428
1411
1429
1412
1430
1413
1431
1414
1432
1415
1433
1416
1434
1417
1435
1418
1436
1419
1437
1420
1438
1421
1439
1422
1440
1423
1441
1424
1442
1443
5455
1426
1444
1427
1445
1428
1446
1429
1447
1430
1448
1431
1449
1432
1450
1433
1451
1434
1452
1435
1453
1436
1454
1437
1455
1438
1456
1439
1457
1440
1458
1441
1459
1442
1460
1443
1461
1462
5395
1445
1463
1446
1464
1447
1465
1448
1466
1449
1467
1450
1468
1451
1469
1452
1470
1453
1471
1454
1472
1455
1473
1456
1474
1457
1475
1458
1476
1459
1477
1460
1478
1461
1479
1462
1480
1481
5224
1464
1482
1465
1483
1466
1484
1467
1485
1468
1486
1469
1487
1470
1488
1471
1489
1472
1490
1473
1491
1474
1492
1475
1493
1476
1494
1477
1495
1478
1496
1479
1497
1480
1498
1481
1499
1500
4279
1483
1501
1484
1502
1485
1503
1486
1504
1487
1505
1488
1506
1489
1507
1490
1508
1491
1509
1492
1510
1493
1511
1494
1512
1495
1513
1496
1514
1497
1515
1498
1516
1499
1517
1500
1518
1519
5562
1502
1520
1503
1521
1504
1522
1505
1523
1506
1524
1507
1525
1508
1526
1509
1527
1510
1528
1511
1529
1512
1530
1513
1531
1514
1532
1515
1533
1516
1534
1517
1535
1518
1536
1519
1537
1538
4262
1521
1539
1522
1540
1523
1541
1524
1542
1525
1543
1526
1544
1527
1545
1528
1546
1529
1547
1530
1548
1531
1549
1532
1550
1533
1551
1534
1552
1535
1553
1536
1554
1537
1555
1538
1556
1557
5225
1540
1558
1541
1559
1542
1560
1543
1561
1544
1562
1545
1563
1546
1564
1547
1565
1548
1566
1549
1567
1550
1568
1551
1569
1552
1570
1553
1571
1554
1572
1555
1573
1556
1574
1557
1575
1576
4172
1559
1577
1560
1578
1561
1579
1562
1580
1563
1581
1564
1582
1565
1583
1566
1584
1567
1585
1568
1586
1569
1587
1570
1588
1571
1589
1572
1590
1573
1591
1574
1592
1575
1593
1576
1594
1595
5406
1578
1596
1579
1597
1580
1598
1581
1599
1582
1600
1583
1601
1584
1602
1585
1603
1586
1604
1587
1605
1588
1606
1589
1607
1590
1608
1591
1609
1592
1610
1593
1611
1594
1612
1595
1613
1614
5508
1597
1615
1598
1616
1599
1617
1600
1618
1601
1619
1602
1620
1603
1621
1604
1622
1605
1623
1606
1624
1607
1625
1608
1626
1609
1627
1610
1628
1611
1629
1612
1630
1613
1631
1614
1632
1633
5418
1616
1634
1617
1635
1618
1636
1619
1637
1620
1638
1621
1639
1622
1640
1623
1641
1624
1642
1625
1643
1626
1644
1627
1645
1628
1646
1629
1647
1630
1648
1631
1649
1632
1650
1633
1651
1652
5534
1635
1653
1636
1654
1637
1655
1638
1656
1639
1657
1640
1658
1641
1659
1642
1660
1643
1661
1644
1662
1645
1663
1646
1664
1647
1665
1648
1666
1649
1667
1650
1668
1651
1669
1652
1670
1671
5546
1654
1672
1655
1673
1656
1674
1657
1675
1658
1676
1659
1677
1660
1678
1661
1679
1662
1680
1663
1681
1664
1682
1665
1683
1666
1684
1667
1685
1668
1686
1669
1687
1670
1688
1671
1689
1690
5493
1673
1691
1674
1692
1675
1693
1676
1694
1677
1695
1678
1696
1679
1697
1680
1698
1681
1699
1682
1700
1683
1701
1684
1702
1685
1703
1686
1704
1687
1705
1688
1706
1689
1707
1690
1708
1709
5615
1692
1710
1693
1711
1694
1712
1695
1713
1696
1714
1697
1715
1698
1716
1699
1717
1700
1718
1701
1719
1702
1720
1703
1721
1704
1722
1705
1723
1706
1724
1707
1725
1708
1726
1709
1727
1728
5528
1711
1729
1712
1730
1713
1731
1714
1732
1715
1733
1716
1734
1717
1735
1718
1736
1719
1737
1720
1738
1721
1739
1722
1740
1723
1741
1724
1742
1725
1743
1726
1744
1727
1745
1728
1746
1747
5635
1730
1748
1731
1749
1732
1750
1733
1751
1734
1752
1735
1753
1736
1754
1737
1755
1738
1756
1739
1757
1740
1758
1741
1759
1742
1760
1743
1761
1744
1762
1745
1763
1746
1764
1747
1765
1766
5567
1749
1767
1750
1768
1751
1769
1752
1770
1753
1771
1754
1772
1755
1773
1756
1774
1757
1775
1758
1776
1759
1777
1760
1778
1761
1779
1762
1780
1763
1781
1764
1782
1765
1783
1766
1784
1785
5697
1768
1786
1769
1787
1770
1788
1771
1789
1772
1790
1773
1791
1774
1792
1775
1793
1776
1794
1777
1795
1778
1796
1779
1797
1780
1798
1781
1799
1782
1800
1783
1801
1784
1802
1785
1803
1804
5719
1787
1805
1788
1806
1789
1807
1790
1808
1791
1809
1792
1810
1793
1811
1794
1812
1795
1813
1796
1814
1797
1815
1798
1816
1799
1817
1800
1818
1801
1819
1802
1820
1803
1821
1804
1822
1823
5706
1806
1824
1807
1825
1808
1826
1809
1827
1810
1828
1811
1829
1812
1830
1813
1831
1814
1832
1815
1833
1816
1834
1817
1835
1818
1836
1819
1837
1820
1838
1821
1839
1822
1840
1823
1841
1842
5714
1825
1843
1826
1844
1827
1845
1828
1846
1829
1847
1830
1848
1831
1849
1832
1850
1833
1851
1834
1852
1835
1853
1836
1854
1837
1855
1838
1856
1839
1857
1840
1858
1841
1859
1842
1860
1861
5686
1844
1862
1845
1863
1846
1864
1847
1865
1848
1866
1849
1867
1850
1868
1851
1869
1852
1870
1853
1871
1854
1872
1855
1873
1856
1874
1857
1875
1858
1876
1859
1877
1860
1878
1861
1879
1880
5748
1863
1881
1864
1882
1865
1883
1866
1884
1867
1885
1868
1886
1869
1887
1870
1888
1871
1889
1872
1890
1873
1891
1874
1892
1875
1893
1876
1894
1877
1895
1878
1896
1879
1897
1880
1898
1899
5770
1882
1900
1883
1901
1884
1902
1885
1903
1886
1904
1887
1905
1888
1906
1889
1907
1890
1908
1891
1909
1892
1910
1893
1911
1894
1912
1895
1913
1896
1914
1897
1915
1898
1916
1899
1917
1918
5754
1901
1919
1902
1920
1903
1921
1904
1922
1905
1923
1906
1924
1907
1925
1908
1926
1909
1927
1910
1928
1911
1929
1912
1930
1913
1931
1914
1932
1915
1933
1916
1934
1917
1935
1918
1936
1937
5724
1920
1938
1921
1939
1922
1940
1923
1941
1924
1942
1925
1943
1926
1944
1927
1945
1928
1946
1929
1947
1930
1948
1931
1949
1932
1950
1933
1951
1934
1952
1935
1953
1936
1954
1937
1955
1956
5707
1939
1957
1940
1958
1941
1959
1942
1960
1943
1961
1944
1962
1945
1963
1946
1964
1947
1965
1948
1966
1949
1967
1950
1968
1951
1969
1952
1970
1953
1971
1954
1972
1955
1973
1956
1974
1975
5720
1958
1976
1959
1977
1960
1978
1961
1979
1962
1980
1963
1981
1964
1982
1965
1983
1966
1984
1967
1985
1968
1986
1969
1987
1970
1988
1971
1989
1972
1990
1973
1991
1974
1992
1975
1993
1994
5696
1977
1995
1978
1996
1979
1997
1980
1998
1981
1999
1982
2000
1983
2001
1984
2002
1985
2003
1986
2004
1987
2005
1988
2006
1989
2007
1990
2008
1991
2009
1992
2010
1993
2011
1994
2012
2013
5675
1996
2014
1997
2015
1998
2016
1999
2017
2000
2018
2001
2019
2002
2020
2003
2021
2004
2022
2005
2023
2006
2024
2007
2025
2008
2026
2009
2027
2010
2028
2011
2029
2012
2030
2013
2031
2032
5634
2015
2033
2016
2034
2017
2035
2018
2036
2019
2037
2020
2038
2021
2039
2022
2040
2023
2041
2024
2042
2025
2043
2026
2044
2027
2045
2028
2046
2029
2047
2030
2048
2031
2049
2032
2050
2051
5643
2034
2052
2035
2053
2036
2054
2037
2055
2038
2056
2039
2057
2040
2058
2041
2059
2042
2060
2043
2061
2044
2062
2045
2063
2046
2064
2047
2065
2048
2066
2049
2067
2050
2068
2051
2069
2070
5618
2053
2071
2054
2072
2055
2073
2056
2074
2057
2075
2058
2076
2059
2077
2060
2078
2061
2079
2062
2080
2063
2081
2064
2082
2065
2083
2066
2084
2067
2085
2068
2086
2069
2087
2070
2088
2089
5494
2072
2090
2073
2091
2074
2092
2075
2093
2076
2094
2077
2095
2078
2096
2079
2097
2080
2098
2081
2099
2082
2100
2083
2101
2084
2102
2085
2103
2086
2104
2087
2105
2088
2106
2089
2107
2108
5548
2091
2109
2092
2110
2093
2111
2094
2112
2095
2113
2096
2114
2097
2115
2098
2116
2099
2117
2100
2118
2101
2119
2102
2120
2103
2121
2104
2122
2105
2123
2106
2124
2107
2125
2108
2126
2127
5535
2110
2128
2111
2129
2112
2130
2113
2131
2114
2132
2115
2133
2116
2134
2117
2135
2118
2136
2119
2137
2120
2138
2121
2139
2122
2140
2123
2141
2124
2142
2125
2143
2126
2144
2127
2145
2146
5516
2129
2147
2130
2148
2131
2149
2132
2150
2133
2151
2134
2152
2135
2153
2136
2154
2137
2155
2138
2156
2139
2157
2140
2158
2141
2159
2142
2160
2143
2161
2144
2162
2145
2163
2146
2164
2165
5506
2148
2166
2149
2167
2150
2168
2151
2169
2152
2170
2153
2171
2154
2172
2155
2173
2156
2174
2157
2175
2158
2176
2159
2177
2160
2178
2161
2179
2162
2180
2163
2181
2164
2182
2165
2183
2184
5347
2167
2185
2168
2186
2169
2187
2170
2188
2171
2189
2172
2190
2173
2191
2174
2192
2175
2193
2176
2194
2177
2195
2178
2196
2179
2197
2180
2198
2181
2199
2182
2200
2183
2201
2184
2202
2203
5396
2186
2204
2187
2205
2188
2206
2189
2207
2190
2208
2191
2209
2192
2210
2193
2211
2194
2212
2195
2213
2196
2214
2197
2215
2198
2216
2199
2217
2200
2218
2201
2219
2202
2220
2203
2221
2222
5223
2205
2223
2206
2224
2207
2225
2208
2226
2209
2227
2210
2228
2211
2229
2212
2230
2213
2231
2214
2232
2215
2233
2216
2234
2217
2235
2218
2236
2219
2237
2220
2238
2221
2239
2222
2240
2241
4280
2224
2242
2225
2243
2226
2244
2227
2245
2228
2246
2229
2247
2230
2248
2231
2249
2232
2250
2233
2251
2234
2252
2235
2253
2236
2254
2237
2255
2238
2256
2239
2257
2240
2258
2241
2259
2260
5563
2243
2261
2244
2262
2245
2263
2246
2264
2247
2265
2248
2266
2249
2267
2250
2268
2251
2269
2252
2270
2253
2271
2254
2272
2255
2273
2256
2274
2257
2275
2258
2276
2259
2277
2260
2278
2279
4261
2262
2280
2263
2281
2264
2282
2265
2283
2266
2284
2267
2285
2268
2286
2269
2287
2270
2288
2271
2289
2272
2290
2273
2291
2274
2292
2275
2293
2276
2294
2277
2295
2278
2296
2279
2297
2298
5222
2281
2299
2282
2300
2283
2301
2284
2302
2285
2303
2286
2304
2287
2305
2288
2306
2289
2307
2290
2308
2291
2309
2292
2310
2293
2311
2294
2312
2295
2313
2296
2314
2297
2315
2298
2316
2317
4171
2300
2318
2301
2319
2302
2320
2303
2321
2304
2322
2305
2323
2306
2324
2307
2325
2308
2326
2309
2327
2310
2328
2311
2329
2312
2330
2313
2331
2314
2332
2315
2333
2316
2334
2317
2335
2336
5405
2319
2337
2320
2338
2321
2339
2322
2340
2323
2341
2324
2342
2325
2343
2326
2344
2327
2345
2328
2346
2329
2347
2330
2348
2331
2349
2332
2350
2333
2351
2334
2352
2335
2353
2336
2354
2355
5509
2338
2356
2339
2357
2340
2358
2341
2359
2342
2360
2343
2361
2344
2362
2345
2363
2346
2364
2347
2365
2348
2366
2349
2367
2350
2368
2351
2369
2352
2370
2353
2371
2354
2372
2355
2373
2374
5436
2357
2375
2358
2376
2359
2377
2360
2378
2361
2379
2362
2380
2363
2381
2364
2382
2365
2383
2366
2384
2367
2385
2368
2386
2369
2387
2370
2388
2371
2389
2372
2390
2373
2391
2374
2392
2393
5445
2376
2394
2377
2395
2378
2396
2379
2397
2380
2398
2381
2399
2382
2400
2383
2401
2384
2402
2385
2403
2386
2404
2387
2405
2388
2406
2389
2407
2390
2408
2391
2409
2392
2410
2393
2411
2412
5549
2395
2413
2396
2414
2397
2415
2398
2416
2399
2417
2400
2418
2401
2419
2402
2420
2403
2421
2404
2422
2405
2423
2406
2424
2407
2425
2408
2426
2409
2427
2410
2428
2411
2429
2412
2430
2431
5495
2414
2432
2415
2433
2416
2434
2417
2435
2418
2436
2419
2437
2420
2438
2421
2439
2422
2440
2423
2441
2424
2442
2425
2443
2426
2444
2427
2445
2428
2446
2429
2447
2430
2448
2431
2449
2450
5616
2433
2451
2434
2452
2435
2453
2436
2454
2437
2455
2438
2456
2439
2457
2440
2458
2441
2459
2442
2460
2443
2461
2444
2462
2445
2463
2446
2464
2447
2465
2448
2466
2449
2467
2450
2468
2469
5644
2452
2470
2453
2471
2454
2472
2455
2473
2456
2474
2457
2475
2458
2476
2459
2477
2460
2478
2461
2479
2462
2480
2463
2481
2464
2482
2465
2483
2466
2484
2467
2485
2468
2486
2469
2487
2488
5637
2471
2489
2472
2490
2473
2491
2474
2492
2475
2493
2476
2494
2477
2495
2478
2496
2479
2497
2480
2498
2481
2499
2482
2500
2483
2501
2484
2502
2485
2503
2486
2504
2487
2505
2488
2506
2507
5572
2490
2508
2491
2509
2492
2510
2493
2511
2494
2512
2495
2513
2496
2514
2497
2515
2498
2516
2499
2517
2500
2518
2501
2519
2502
2520
2503
2521
2504
2522
2505
2523
2506
2524
2507
2525
2526
5695
2509
2527
2510
2528
2511
2529
2512
2530
2513
2531
2514
2532
2515
2533
2516
2534
2517
2535
2518
2536
2519
2537
2520
2538
2521
2539
2522
2540
2523
2541
2524
2542
2525
2543
2526
2544
2545
5722
2528
2546
2529
2547
2530
2548
2531
2549
2532
2550
2533
2551
2534
2552
2535
2553
2536
2554
2537
2555
2538
2556
2539
2557
2540
2558
2541
2559
2542
2560
2543
2561
2544
2562
2545
2563
2564
5705
2547
2565
2548
2566
2549
2567
2550
2568
2551
2569
2552
2570
2553
2571
2554
2572
2555
2573
2556
2574
2557
2575
2558
2576
2559
2577
2560
2578
2561
2579
2562
2580
2563
2581
2564
2582
2583
5656
2566
2584
2567
2585
2568
2586
2569
2587
2570
2588
2571
2589
2572
2590
2573
2591
2574
2592
2575
2593
2576
2594
2577
2595
2578
2596
2579
2597
2580
2598
2581
2599
2582
2600
2583
2601
2602
5678
2585
2586
2587
2588
2589
2590
2591
2592
2593
2594
2595
2596
2597
2598
2599
2600
2601
2602
5768
2604
2627
4453
10858
2605
2628
10633
2606
2629
10522
2607
2630
10273
2608
2631
9870
2609
2632
9949
2610
2633
9923
2611
2634
9872
2612
2635
9882
2613
2636
9879
2614
2637
9874
2615
2638
9888
2616
2639
9883
2617
2640
9877
2618
2641
9893
2619
2642
9890
2620
2643
9887
2621
2644
10213
2622
2645
10652
2623
2646
9898
2624
2647
10108
2625
2648
9936
2626
2649
9965
2650
6341
9763
2628
2651
5969
2629
2652
2630
2653
2631
2654
2632
2655
2633
2656
2634
2657
2635
2658
2636
2659
2637
2660
2638
2661
2639
2662
2640
2663
2641
2664
2642
2665
2643
2666
2644
2667
2645
2668
2646
2669
2647
2670
2648
2671
2649
2672
2650
2673
2674
10233
2652
2675
5929
2653
2676
2654
2677
2655
2678
2656
2679
2657
2680
2658
2681
2659
2682
2660
2683
2661
2684
2662
2685
2663
2686
2664
2687
2665
2688
2666
2689
2667
2690
2668
2691
2669
2692
2670
2693
2671
2694
2672
2695
2673
2696
2674
2697
2698
6563
2676
2699
5881
2677
2700
2678
2701
2679
2702
2680
2703
2681
2704
2682
2705
2683
2706
2684
2707
2685
2708
2686
2709
2687
2710
2688
2711
2689
2712
2690
2713
2691
2714
2692
2715
2693
2716
2694
2717
2695
2718
2696
2719
2697
2720
2698
2721
2722
9570
2700
2723
5773
2701
2724
2702
2725
2703
2726
2704
2727
2705
2728
2706
2729
2707
2730
2708
2731
2709
2732
2710
2733
2711
2734
2712
2735
2713
2736
2714
2737
2715
2738
2716
2739
2717
2740
2718
2741
2719
2742
2720
2743
2721
2744
2722
2745
2746
9596
2724
2747
5625
2725
2748
2726
2749
2727
2750
2728
2751
2729
2752
2730
2753
2731
2754
2732
2755
2733
2756
2734
2757
2735
2758
2736
2759
2737
2760
2738
2761
2739
2762
2740
2763
2741
2764
2742
2765
2743
2766
2744
2767
2745
2768
2746
2769
2770
9625
2748
2771
5311
2749
2772
2750
2773
2751
2774
2752
2775
2753
2776
2754
2777
2755
2778
2756
2779
2757
2780
2758
2781
2759
2782
2760
2783
2761
2784
2762
2785
2763
2786
2764
2787
2765
2788
2766
2789
2767
2790
2768
2791
2769
2792
2770
2793
2794
10651
2772
2795
4707
2773
2796
2774
2797
2775
2798
2776
2799
2777
2800
2778
2801
2779
2802
2780
2803
2781
2804
2782
2805
2783
2806
2784
2807
2785
2808
2786
2809
2787
2810
2788
2811
2789
2812
2790
2813
2791
2814
2792
2815
2793
2816
2794
2817
2818
9483
2796
2819
4799
2797
2820
2798
2821
2799
2822
2800
2823
2801
2824
2802
2825
2803
2826
2804
2827
2805
2828
2806
2829
2807
2830
2808
2831
2809
2832
2810
2833
2811
2834
2812
2835
2813
2836
2814
2837
2815
2838
2816
2839
2817
2840
2818
2841
2842
9575
2820
2843
4748
2821
2844
2822
2845
2823
2846
2824
2847
2825
2848
2826
2849
2827
2850
2828
2851
2829
2852
2830
2853
2831
2854
2832
2855
2833
2856
2834
2857
2835
2858
2836
2859
2837
2860
2838
2861
2839
2862
2840
2863
2841
2864
2842
2865
2866
10525
2844
2867
4812
2845
2868
2846
2869
2847
2870
2848
2871
2849
2872
2850
2873
2851
2874
2852
2875
2853
2876
2854
2877
2855
2878
2856
2879
2857
2880
2858
2881
2859
2882
2860
2883
2861
2884
2862
2885
2863
2886
2864
2887
2865
2888
2866
2889
2890
10538
2868
2891
4787
2869
2892
2870
2893
2871
2894
2872
2895
2873
2896
2874
2897
2875
2898
2876
2899
2877
2900
2878
2901
2879
2902
2880
2903
2881
2904
2882
2905
2883
2906
2884
2907
2885
2908
2886
2909
2887
2910
2888
2911
2889
2912
2890
2913
2914
9526
2892
2915
4174
2893
2916
2894
2917
2895
2918
2896
2919
2897
2920
2898
2921
2899
2922
2900
2923
2901
2924
2902
2925
2903
2926
2904
2927
2905
2928
2906
2929
2907
2930
2908
2931
2909
2932
2910
2933
2911
2934
2912
2935
2913
2936
2914
2937
2938
9687
2916
2939
5668
2917
2940
2918
2941
2919
2942
2920
2943
2921
2944
2922
2945
2923
2946
2924
2947
2925
2948
2926
2949
2927
2950
2928
2951
2929
2952
2930
2953
2931
2954
2932
2955
2933
2956
2934
2957
2935
2958
2936
2959
2937
2960
2938
2961
2962
9397
2940
2963
4780
2941
2964
2942
2965
2943
2966
2944
2967
2945
2968
2946
2969
2947
2970
2948
2971
2949
2972
2950
2973
2951
2974
2952
2975
2953
2976
2954
2977
2955
2978
2956
2979
2957
2980
2958
2981
2959
2982
2960
2983
2961
2984
2962
2985
2986
9450
2964
2987
4774
2965
2988
2966
2989
2967
2990
2968
2991
2969
2992
2970
2993
2971
2994
2972
2995
2973
2996
2974
2997
2975
2998
2976
2999
2977
3000
2978
3001
2979
3002
2980
3003
2981
3004
2982
3005
2983
3006
2984
3007
2985
3008
2986
3009
3010
9615
2988
3011
4821
2989
3012
2990
3013
2991
3014
2992
3015
2993
3016
2994
3017
2995
3018
2996
3019
2997
3020
2998
3021
2999
3022
3000
3023
3001
3024
3002
3025
3003
3026
3004
3027
3005
3028
3006
3029
3007
3030
3008
3031
3009
3032
3010
3033
3034
6684
3012
3035
4770
3013
3036
3014
3037
3015
3038
3016
3039
3017
3040
3018
3041
3019
3042
3020
3043
3021
3044
3022
3045
3023
3046
3024
3047
3025
3048
3026
3049
3027
3050
3028
3051
3029
3052
3030
3053
3031
3054
3032
3055
3033
3056
3034
3057
3058
9385
3036
3059
5145
3037
3060
3038
3061
3039
3062
3040
3063
3041
3064
3042
3065
3043
3066
3044
3067
3045
3068
3046
3069
3047
3070
3048
3071
3049
3072
3050
3073
3051
3074
3052
3075
3053
3076
3054
3077
3055
3078
3056
3079
3057
3080
3058
3081
3082
10740
3060
3083
4981
3061
3084
3062
3085
3063
3086
3064
3087
3065
3088
3066
3089
3067
3090
3068
3091
3069
3092
3070
3093
3071
3094
3072
3095
3073
3096
3074
3097
3075
3098
3076
3099
3077
3100
3078
3101
3079
3102
3080
3103
3081
3104
3082
3105
3106
9365
3084
3107
4759
3085
3108
3086
3109
3087
3110
3088
3111
3089
3112
3090
3113
3091
3114
3092
3115
3093
3116
3094
3117
3095
3118
3096
3119
3097
3120
3098
3121
3099
3122
3100
3123
3101
3124
3102
3125
3103
3126
3104
3127
3105
3128
3106
3129
3130
9348
3108
3131
4809
3109
3132
3110
3133
3111
3134
3112
3135
3113
3136
3114
3137
3115
3138
3116
3139
3117
3140
3118
3141
3119
3142
3120
3143
3121
3144
3122
3145
3123
3146
3124
3147
3125
3148
3126
3149
3127
3150
3128
3151
3129
3152
3130
3153
3154
9330
3132
3155
4755
3133
3156
3134
3157
3135
3158
3136
3159
3137
3160
3138
3161
3139
3162
3140
3163
3141
3164
3142
3165
3143
3166
3144
3167
3145
3168
3146
3169
3147
3170
3148
3171
3149
3172
3150
3173
3151
3174
3152
3175
3153
3176
3154
3177
3178
10244
3156
3179
4804
3157
3180
3158
3181
3159
3182
3160
3183
3161
3184
3162
3185
3163
3186
3164
3187
3165
3188
3166
3189
3167
3190
3168
3191
3169
3192
3170
3193
3171
3194
3172
3195
3173
3196
3174
3197
3175
3198
3176
3199
3177
3200
3178
3201
3202
10063
3180
3203
4752
3181
3204
3182
3205
3183
3206
3184
3207
3185
3208
3186
3209
3187
3210
3188
3211
3189
3212
3190
3213
3191
3214
3192
3215
3193
3216
3194
3217
3195
3218
3196
3219
3197
3220
3198
3221
3199
3222
3200
3223
3201
3224
3202
3225
3226
9279
3204
3227
4805
3205
3228
3206
3229
3207
3230
3208
3231
3209
3232
3210
3233
3211
3234
3212
3235
3213
3236
3214
3237
3215
3238
3216
3239
3217
3240
3218
3241
3219
3242
3220
3243
3221
3244
3222
3245
3223
3246
3224
3247
3225
3248
3226
3249
3250
9291
3228
3251
4756
3229
3252
3230
3253
3231
3254
3232
3255
3233
3256
3234
3257
3235
3258
3236
3259
3237
3260
3238
3261
3239
3262
3240
3263
3241
3264
3242
3265
3243
3266
3244
3267
3245
3268
3246
3269
3247
3270
3248
3271
3249
3272
3250
3273
3274
9317
3252
3275
5272
3253
3276
3254
3277
3255
3278
3256
3279
3257
3280
3258
3281
3259
3282
3260
3283
3261
3284
3262
3285
3263
3286
3264
3287
3265
3288
3266
3289
3267
3290
3268
3291
3269
3292
3270
3293
3271
3294
3272
3295
3273
3296
3274
3297
3298
9331
3276
3299
4760
3277
3300
3278
3301
3279
3302
3280
3303
3281
3304
3282
3305
3283
3306
3284
3307
3285
3308
3286
3309
3287
3310
3288
3311
3289
3312
3290
3313
3291
3314
3292
3315
3293
3316
3294
3317
3295
3318
3296
3319
3297
3320
3298
3321
3322
9347
3300
3323
5156
3301
3324
3302
3325
3303
3326
3304
3327
3305
3328
3306
3329
3307
3330
3308
3331
3309
3332
3310
3333
3311
3334
3312
3335
3313
3336
3314
3337
3315
3338
3316
3339
3317
3340
3318
3341
3319
3342
3320
3343
3321
3344
3322
3345
3346
9364
3324
3347
4601
3325
3348
3326
3349
3327
3350
3328
3351
3329
3352
3330
3353
3331
3354
3332
3355
3333
3356
3334
3357
3335
3358
3336
3359
3337
3360
3338
3361
3339
3362
3340
3363
3341
3364
3342
3365
3343
3366
3344
3367
3345
3368
3346
3369
3370
9375
3348
3371
4769
3349
3372
3350
3373
3351
3374
3352
3375
3353
3376
3354
3377
3355
3378
3356
3379
3357
3380
3358
3381
3359
3382
3360
3383
3361
3384
3362
3385
3363
3386
3364
3387
3365
3388
3366
3389
3367
3390
3368
3391
3369
3392
3370
3393
3394
9386
3372
3395
4784
3373
3396
3374
3397
3375
3398
3376
3399
3377
3400
3378
3401
3379
3402
3380
3403
3381
3404
3382
3405
3383
3406
3384
3407
3385
3408
3386
3409
3387
3410
3388
3411
3389
3412
3390
3413
3391
3414
3392
3415
3393
3416
3394
3417
3418
9377
3396
3419
4876
3397
3420
3398
3421
3399
3422
3400
3423
3401
3424
3402
3425
3403
3426
3404
3427
3405
3428
3406
3429
3407
3430
3408
3431
3409
3432
3410
3433
3411
3434
3412
3435
3413
3436
3414
3437
3415
3438
3416
3439
3417
3440
3418
3441
3442
9411
3420
3443
4779
3421
3444
3422
3445
3423
3446
3424
3447
3425
3448
3426
3449
3427
3450
3428
3451
3429
3452
3430
3453
3431
3454
3432
3455
3433
3456
3434
3457
3435
3458
3436
3459
3437
3460
3438
3461
3439
3462
3440
3463
3441
3464
3442
3465
3466
9449
3444
3467
5161
3445
3468
3446
3469
3447
3470
3448
3471
3449
3472
3450
3473
3451
3474
3452
3475
3453
3476
3454
3477
3455
3478
3456
3479
3457
3480
3458
3481
3459
3482
3460
3483
3461
3484
3462
3485
3463
3486
3464
3487
3465
3488
3466
3489
3490
9428
3468
3491
4848
3469
3492
3470
3493
3471
3494
3472
3495
3473
3496
3474
3497
3475
3498
3476
3499
3477
3500
3478
3501
3479
3502
3480
3503
3481
3504
3482
3505
3483
3506
3484
3507
3485
3508
3486
3509
3487
3510
3488
3511
3489
3512
3490
3513
3514
9471
3492
3515
4786
3493
3516
3494
3517
3495
3518
3496
3519
3497
3520
3498
3521
3499
3522
3500
3523
3501
3524
3502
3525
3503
3526
3504
3527
3505
3528
3506
3529
3507
3530
3508
3531
3509
3532
3510
3533
3511
3534
3512
3535
3513
3536
3514
3537
3538
9525
3516
3539
4575
3517
3540
3518
3541
3519
3542
3520
3543
3521
3544
3522
3545
3523
3546
3524
3547
3525
3548
3526
3549
3527
3550
3528
3551
3529
3552
3530
3553
3531
3554
3532
3555
3533
3556
3534
3557
3535
3558
3536
3559
3537
3560
3538
3561
3562
9465
3540
3563
4749
3541
3564
3542
3565
3543
3566
3544
3567
3545
3568
3546
3569
3547
3570
3548
3571
3549
3572
3550
3573
3551
3574
3552
3575
3553
3576
3554
3577
3555
3578
3556
3579
3557
3580
3558
3581
3559
3582
3560
3583
3561
3584
3562
3585
3586
9531
3564
3587
4798
3565
3588
3566
3589
3567
3590
3568
3591
3569
3592
3570
3593
3571
3594
3572
3595
3573
3596
3574
3597
3575
3598
3576
3599
3577
3600
3578
3601
3579
3602
3580
3603
3581
3604
3582
3605
3583
3606
3584
3607
3585
3608
3586
3609
3610
9576
3588
3611
4708
3589
3612
3590
3613
3591
3614
3592
3615
3593
3616
3594
3617
3595
3618
3596
3619
3597
3620
3598
3621
3599
3622
3600
3623
3601
3624
3602
3625
3603
3626
3604
3627
3605
3628
3606
3629
3607
3630
3608
3631
3609
3632
3610
3633
3634
9509
3612
3635
5310
3613
3636
3614
3637
3615
3638
3616
3639
3617
3640
3618
3641
3619
3642
3620
3643
3621
3644
3622
3645
3623
3646
3624
3647
3625
3648
3626
3649
3627
3650
3628
3651
3629
3652
3630
3653
3631
3654
3632
3655
3633
3656
3634
3657
3658
9569
3636
3659
5626
3637
3660
3638
3661
3639
3662
3640
3663
3641
3664
3642
3665
3643
3666
3644
3667
3645
3668
3646
3669
3647
3670
3648
3671
3649
3672
3650
3673
3651
3674
3652
3675
3653
3676
3654
3677
3655
3678
3656
3679
3657
3680
3658
3681
3682
9626
3660
3683
5772
3661
3684
3662
3685
3663
3686
3664
3687
3665
3688
3666
3689
3667
3690
3668
3691
3669
3692
3670
3693
3671
3694
3672
3695
3673
3696
3674
3697
3675
3698
3676
3699
3677
3700
3678
3701
3679
3702
3680
3703
3681
3704
3682
3705
3706
9585
3684
3707
5880
3685
3708
3686
3709
3687
3710
3688
3711
3689
3712
3690
3713
3691
3714
3692
3715
3693
3716
3694
3717
3695
3718
3696
3719
3697
3720
3698
3721
3699
3722
3700
3723
3701
3724
3702
3725
3703
3726
3704
3727
3705
3728
3706
3729
3730
9548
3708
3731
5930
3709
3732
3710
3733
3711
3734
3712
3735
3713
3736
3714
3737
3715
3738
3716
3739
3717
3740
3718
3741
3719
3742
3720
3743
3721
3744
3722
3745
3723
3746
3724
3747
3725
3748
3726
3749
3727
3750
3728
3751
3729
3752
3730
3753
3754
6220
3732
3755
5970
3733
3756
3734
3757
3735
3758
3736
3759
3737
3760
3738
3761
3739
3762
3740
3763
3741
3764
3742
3765
3743
3766
3744
3767
3745
3768
3746
3769
3747
3770
3748
3771
3749
3772
3750
3773
3751
3774
3752
3775
3753
3776
3754
3777
3778
9961
3756
4454
10859
3757
10634
3758
10521
3759
10272
3760
9869
3761
9948
3762
9921
3763
9871
3764
9880
3765
9878
3766
9873
3767
9885
3768
9881
3769
9876
3770
10487
3771
6254
3772
9886
3773
10170
3774
10637
3775
9899
3776
10072
3777
9952
3778
9966
6340
9762
3780
3798
3781
3799
3782
3800
3783
3801
3784
3802
3785
3803
3786
3804
3787
3805
3788
3806
3789
3807
3790
3808
3791
3809
3792
3810
3793
3811
3794
3812
3795
3813
3796
3814
3797
3815
3816
4177
3799
3817
3800
3818
3801
3819
3802
3820
3803
3821
3804
3822
3805
3823
3806
3824
3807
3825
3808
3826
3809
3827
3810
3828
3811
3829
3812
3830
3813
3831
3814
3832
3815
3833
3816
3834
3835
5144
3818
3836
3819
3837
3820
3838
3821
3839
3822
3840
3823
3841
3824
3842
3825
3843
3826
3844
3827
3845
3828
3846
3829
3847
3830
3848
3831
3849
3832
3850
3833
3851
3834
3852
3835
3853
3854
5210
3837
3855
3838
3856
3839
3857
3840
3858
3841
3859
3842
3860
3843
3861
3844
3862
3845
3863
3846
3864
3847
3865
3848
3866
3849
3867
3850
3868
3851
3869
3852
3870
3853
3871
3854
3872
3873
5411
3856
3874
3857
3875
3858
3876
3859
3877
3860
3878
3861
3879
3862
3880
3863
3881
3864
3882
3865
3883
3866
3884
3867
3885
3868
3886
3869
3887
3870
3888
3871
3889
3872
3890
3873
3891
3892
5488
3875
3893
3876
3894
3877
3895
3878
3896
3879
3897
3880
3898
3881
3899
3882
3900
3883
3901
3884
3902
3885
3903
3886
3904
3887
3905
3888
3906
3889
3907
3890
3908
3891
3909
3892
3910
3911
5386
3894
3912
3895
3913
3896
3914
3897
3915
3898
3916
3899
3917
3900
3918
3901
3919
3902
3920
3903
3921
3904
3922
3905
3923
3906
3924
3907
3925
3908
3926
3909
3927
3910
3928
3911
3929
3930
5524
3913
3931
3914
3932
3915
3933
3916
3934
3917
3935
3918
3936
3919
3937
3920
3938
3921
3939
3922
3940
3923
3941
3924
3942
3925
3943
3926
3944
3927
3945
3928
3946
3929
3947
3930
3948
3949
5537
3932
3950
3933
3951
3934
3952
3935
3953
3936
3954
3937
3955
3938
3956
3939
3957
3940
3958
3941
3959
3942
3960
3943
3961
3944
3962
3945
3963
3946
3964
3947
3965
3948
3966
3949
3967
3968
5485
3951
3969
3952
3970
3953
3971
3954
3972
3955
3973
3956
3974
3957
3975
3958
3976
3959
3977
3960
3978
3961
3979
3962
3980
3963
3981
3964
3982
3965
3983
3966
3984
3967
3985
3968
3986
3987
5612
3970
3988
3971
3989
3972
3990
3973
3991
3974
3992
3975
3993
3976
3994
3977
3995
3978
3996
3979
3997
3980
3998
3981
3999
3982
4000
3983
4001
3984
4002
3985
4003
3986
4004
3987
4005
4006
5526
3989
4007
3990
4008
3991
4009
3992
4010
3993
4011
3994
4012
3995
4013
3996
4014
3997
4015
3998
4016
3999
4017
4000
4018
4001
4019
4002
4020
4003
4021
4004
4022
4005
4023
4006
4024
4025
5633
4008
4026
4009
4027
4010
4028
4011
4029
4012
4030
4013
4031
4014
4032
4015
4033
4016
4034
4017
4035
4018
4036
4019
4037
4020
4038
4021
4039
4022
4040
4023
4041
4024
4042
4025
4043
4044
5566
4027
4045
4028
4046
4029
4047
4030
4048
4031
4049
4032
4050
4033
4051
4034
4052
4035
4053
4036
4054
4037
4055
4038
4056
4039
4057
4040
4058
4041
4059
4042
4060
4043
4061
4044
4062
4063
5694
4046
4064
4047
4065
4048
4066
4049
4067
4050
4068
4051
4069
4052
4070
4053
4071
4054
4072
4055
4073
4056
4074
4057
4075
4058
4076
4059
4077
4060
4078
4061
4079
4062
4080
4063
4081
4082
5718
4065
4083
4066
4084
4067
4085
4068
4086
4069
4087
4070
4088
4071
4089
4072
4090
4073
4091
4074
4092
4075
4093
4076
4094
4077
4095
4078
4096
4079
4097
4080
4098
4081
4099
4082
4100
4101
5703
4084
4102
4085
4103
4086
4104
4087
4105
4088
4106
4089
4107
4090
4108
4091
4109
4092
4110
4093
4111
4094
4112
4095
4113
4096
4114
4097
4115
4098
4116
4099
4117
4100
4118
4101
4119
4120
5713
4103
4121
4104
4122
4105
4123
4106
4124
4107
4125
4108
4126
4109
4127
4110
4128
4111
4129
4112
4130
4113
4131
4114
4132
4115
4133
4116
4134
4117
4135
4118
4136
4119
4137
4120
4138
4139
5685
4122
4123
4124
4125
4126
4127
4128
4129
4130
4131
4132
4133
4134
4135
4136
4137
4138
4139
5747
4146
4212
5478
4359
4860
6184
4358
4817
6185
4266
4330
5746
4252
4260
4428
4165
4227
5728
4435
4816
5459
5487
4249
4278
4943
4191
4226
5577
4176
4244
4679
4158
4325
4332
4517
5948
6023
4463
5940
6187
4173
4353
4483
4220
5951
6032
4164
4365
4808
4199
4243
5723
4304
4434
4183
4447
4510
4236
4316
4536
4252
5915
5986
4210
4416
5377
4194
4551
4946
4618
5220
5138
5209
4184
4523
6134
4237
5050
6167
4185
4341
5570
4275
4562
5359
4276
4561
5355
4272
4889
4273
4890
4250
5619
4190
4414
4286
4345
4909
4233
4460
4851
5670
4293
4298
5939
4257
4387
4633
4181
4259
4665
4367
5795
4254
4347
5798
4587
4894
4425
6183
4981
5145
4263
4303
5664
4364
5450
6179
4245
4882
5039
4297
4931
5504
4446
4787
4506
4862
4364
4439
5796
4231
4532
5529
4309
4877
4259
4527
4715
4219
6011
6092
4211
4362
5842
4232
6012
6093
4334
4385
4368
5069
5308
4329
4420
4318
4475
4955
4214
5116
5233
4549
5211
5905
4405
5954
6034
4419
4512
5350
4288
5206
5884
4289
5207
5883
4290
5205
5885
4319
5949
4495
4867
4222
5184
4377
5134
5309
4661
5614
4335
4366
4544
4261
4392
5222
4262
4393
5225
4310
4425
5047
5069
5398
5146
5998
4246
4254
5425
4335
4929
4322
4521
4854
4321
4522
4855
4228
4628
5614
4343
5229
4240
5083
4356
5279
4348
5244
5492
4253
4264
5381
4308
5588
5134
5414
4256
5343
4395
5628
5924
4396
5627
5923
4408
4532
4865
5199
4536
4612
6186
5717
5822
4255
5110
4248
4274
4620
4505
5409
4558
4806
4336
4771
4328
7540
4921
5819
4310
4554
4657
4480
4736
4582
5074
4404
4895
4524
5879
6130
6020
5498
5588
4711
5041
5351
4825
5919
4736
5257
4287
4490
4703
5371
5472
5935
5924
5923
4794
5262
5441
5580
4304
4403
4427
5835
6147
4333
5750
5827
4336
4465
4565
4397
4418
4723
4729
5199
5226
4933
5925
5977
5222
5384
5225
5383
4277
4815
4624
6016
4625
6017
4281
4552
5010
5557
4437
5087
4438
5086
4372
4697
4295
4807
5095
4361
4553
5729
4383
4796
5808
4520
5417
5560
5284
5387
4424
4607
4300
7536
4301
7538
4302
7349
4673
5933
5975
4471
5452
5766
4556
5375
4394
4896
5809
4480
5031
4334
4441
4615
5330
5917
5331
5918
4325
5573
5764
4729
4881
4880
6100
4723
4883
4426
4904
5190
4478
4567
6178
4339
5381
5441
4349
4429
4627
4408
5381
4363
4988
5834
4496
4548
4623
4390
4472
5141
4681
5793
5999
4321
4466
6045
4322
4467
6044
4337
5380
4464
4727
5302
4495
5070
4371
7634
4401
4413
7239
7541
6893
4351
4381
9695
4382
4412
7543
4342
4357
4477
4824
4355
4356
4422
4371
5740
4350
5006
4874
5344
4351
4417
5850
4574
4800
4451
5491
4354
5140
4825
4511
4612
4341
4644
5403
4485
5346
4924
5822
6150
5090
4427
5870
4445
4474
4426
5239
5296
4653
5012
4401
4415
4865
4768
4940
4514
6154
4355
4510
4422
5279
5558
4470
4492
4622
4470
4684
4504
4724
4706
4650
4491
5121
5205
7506
5206
7228
5207
6181
8304
4464
5307
4701
5094
4498
4690
4458
4444
5127
4592
4619
4542
4994
4452
4834
4716
5382
5788
5165
5544
5935
5815
4477
4823
4576
5038
5148
4400
4474
4541
4382
5422
6144
4532
5106
5779
4459
4835
4489
4601
5156
4381
5421
6142
4404
5404
5574
4721
4722
4890
5294
4538
5244
5476
4399
5790
4555
5051
5304
4849
5258
4497
4498
4599
4568
5497
5586
4925
5195
4398
4475
4989
4395
5784
4396
5785
4889
5320
4432
4433
4471
5134
5178
5710
4490
4615
5031
5229
5049
4463
5120
5278
5413
5491
5213
4717
5742
4468
5129
6006
4646
5026
6151
4845
4595
4605
5426
4618
5027
5727
4434
4547
4574
5624
5896
4439
5168
5136
5668
4881
7200
4880
7522
4883
6471
5327
6118
5360
5679
5000
5708
4449
4494
5107
4583
4516
4849
5541
4519
4725
6132
5358
4451
4479
5183
4501
4853
4644
5221
5510
4762
5127
5539
5092
5944
5093
5943
5078
4630
4782
4567
4588
5792
5562
5627
5563
5628
7544
4501
4534
4645
4518
4832
4651
6138
6178
4518
4533
4647
4631
5232
4785
5218
4613
5180
4504
4627
4869
4874
5451
4623
4668
5049
5631
5699
5753
4729
5884
5969
6180
5970
6179
4503
4574
5533
4466
5077
7219
4467
5076
7350
4523
5047
4723
5885
4539
4569
4953
5345
5992
4486
4598
4733
5867
5250
4590
4728
6162
6161
5172
5990
4506
5089
5391
4902
6118
4598
4789
4519
4571
4632
4905
5255
5091
5268
5736
4566
4919
5171
6141
6176
5372
4578
5216
6074
4507
4621
4682
4513
4602
4500
5554
5960
4845
5477
4594
4693
4603
5076
10624
4604
5077
7542
5074
5851
4496
4499
4823
4666
4719
5091
5700
6136
4569
5188
4989
4757
4640
4793
4970
4682
5214
4545
5807
4706
4865
5049
5461
5828
6036
4558
5538
5975
5218
4552
4823
4535
5813
5854
4635
4704
5218
4583
5050
5461
5024
6091
4655
4667
4764
5818
4544
4589
4864
4581
4633
4584
5060
4724
4820
5749
6066
5331
5416
5330
5415
5460
5815
5949
4529
5312
6053
4530
5313
6054
4598
5195
4778
4959
5042
5308
6061
5309
6062
4674
4694
4816
4730
4893
4742
4875
5869
5956
5106
4590
4709
4713
5198
5377
4838
5343
4575
4616
4786
4621
4680
4543
4957
4641
4726
4956
5253
5661
4931
5298
5338
4901
6036
5107
5290
4692
5623
4566
4753
4836
5325
5738
4680
4580
5427
4762
5027
4874
5551
5836
6013
4614
5120
5419
4587
4774
4776
4780
4933
5318
5883
5667
5803
5682
5802
4749
4798
5022
4748
4799
5518
4591
4797
4951
6122
4610
4858
4917
4663
5663
5955
4698
4788
4589
4602
4813
4646
5771
4626
4870
5484
4588
5499
5938
4692
6112
4752
4768
4805
4752
4804
4638
4649
4601
4769
5000
5249
6152
4755
4809
5056
4882
5413
5994
5011
5711
4922
4771
4652
4750
4761
4864
4610
4635
5486
4656
4789
5010
5227
4602
4672
5619
4748
4812
5230
4743
4968
5338
5456
5504
5324
7535
5323
9905
4784
4876
4627
4643
4724
4615
4637
4617
4632
4777
4650
4664
4706
4790
4672
4763
4852
5700
4696
4846
5593
5867
4631
4827
4668
4820
4762
4731
4929
4680
5031
5245
4636
4873
4703
5200
6184
5201
6185
4634
4749
4661
4775
4638
4642
4797
4694
4751
4634
4669
4739
4952
5391
4664
4818
4659
4832
4842
4790
5122
5322
4690
4840
4665
4803
4652
4747
4647
4853
5357
4664
4735
5151
4754
5314
5500
5657
4695
5463
4873
4699
5265
4705
4654
4936
5166
5193
4802
4813
4811
5101
5379
6132
5271
5592
5791
4725
4773
4769
4784
5010
4886
4933
5367
6069
5247
6081
4685
4684
4847
4684
4833
4917
4783
4801
4689
5215
5336
4688
5216
5337
4922
4764
5402
4700
4939
4782
4791
4828
5462
5973
6047
4735
4818
4861
5282
5597
5794
4777
4917
5456
5581
5480
4742
4754
4892
4715
4792
4707
4799
5240
4708
4798
5521
6098
6171
6097
6172
4977
4730
4773
4898
4920
4702
4766
4913
4797
4825
5142
5552
4837
4951
4783
4908
5249
6157
4819
4912
4841
5169
4808
4811
4820
5102
5175
4822
4934
5270
5269
4801
4910
4755
4804
5307
4756
4805
4759
4809
5342
4795
4914
4781
4813
4864
4733
5346
5606
5176
5888
4758
4907
5655
4818
4856
4733
4766
4830
5323
7351
5324
7220
4788
4765
4829
5470
5568
4750
4795
4832
4828
4872
4746
4969
5574
4770
4821
5351
4949
4744
4787
4812
5132
4774
4821
5041
4744
4842
4750
4822
4915
4745
5630
5922
4853
4852
4879
4815
5183
5474
4763
4879
4767
4987
4791
4925
4824
4906
4962
4921
5008
5790
4765
4859
5408
4923
5354
4872
4884
5213
6146
5654
5239
4837
4842
5427
5341
4900
5146
5338
5581
4976
4873
4902
5561
5728
4900
5193
5431
4857
4878
5202
4884
4897
4929
4983
5175
5219
4885
4899
5099
5102
5231
4830
4868
4831
4852
4848
5161
4980
5867
5940
5196
5764
4900
4897
4930
4868
4891
4839
5019
5458
5777
5264
5136
5174
5202
5220
5191
5356
5565
4837
5438
5306
5734
4959
5438
4974
4963
4846
4975
5646
4904
5358
5021
4891
4927
5296
4922
4956
4930
4945
5312
5400
5313
5401
4903
4934
5188
5366
5046
4956
5140
4907
4943
4854
5158
6044
4855
5159
6045
5611
5136
4945
4950
4885
5260
5003
5026
5387
5498
6125
5918
5917
4950
4955
4876
5739
5322
6133
4927
5227
5321
5797
4955
5081
4916
5036
5042
5058
5325
5016
5734
5878
4943
4965
4958
5475
5542
5322
5997
5149
5420
5517
5352
4949
5004
4977
5058
5161
5170
4993
5198
5199
5832
5327
5326
4904
4895
5404
5158
5392
5774
5159
5393
5775
5405
5406
5281
5004
5104
4962
5025
5000
5285
4902
5922
5964
5057
5025
5097
4976
5030
5192
5661
4974
4996
5219
5245
4996
5029
5557
5030
5080
5003
5044
4983
5028
5266
5473
5623
4979
5045
4947
4966
5028
5040
4980
5064
5089
4964
5020
5085
5265
5433
5266
5434
5272
5272
5515
5497
5717
4947
5191
5287
5376
5466
4938
4986
5012
5333
5760
4994
5237
5326
4987
5133
5299
5469
5037
5044
5089
5115
5284
4966
5185
5034
5243
4960
4978
5738
4971
5072
5082
5043
5462
5864
5397
4960
4995
5157
5344
5409
5551
5053
5070
4987
5022
5127
5581
6032
4978
4986
5348
5237
5654
5579
5664
5166
4990
5777
5065
5054
5208
5123
5261
5074
5160
5277
4991
5001
5653
4985
5009
4992
5005
4985
5015
4973
5510
5094
5317
5333
5083
5110
5059
5142
5173
5068
5124
5185
5364
5073
5408
5125
5356
5789
5063
5258
5629
4995
5015
5160
5036
5577
5075
5100
5005
5009
5352
5067
5128
5293
5323
5006
5017
5575
5100
5233
5574
5260
5079
5178
5853
5457
5114
5286
5292
5013
5018
5014
5019
5228
5046
5285
5071
5271
5116
5290
5090
5357
5371
5795
5513
5079
5130
5163
5435
5733
5117
5407
6047
5088
5054
5108
5111
5095
5217
5372
5153
5301
5324
5305
5709
5165
5247
5472
5045
5465
5451
5976
5965
6182
5073
5123
5728
5361
5665
5834
5505
5166
5723
5665
5062
5126
5138
5091
5542
5620
5399
5869
6181
5081
5139
5353
5066
5234
5282
5514
5568
5600
5647
5162
5064
5137
5375
5897
5067
5082
5108
5082
5083
5080
5147
5242
5104
5155
5794
6184
5137
5097
5154
5203
5842
5791
6185
5137
5274
5267
5182
5186
5153
5128
5429
5440
5425
5177
5255
5088
5118
5123
5118
5119
5223
5503
5224
5502
5147
5167
5235
5799
5236
5800
5397
5248
5114
5130
5179
5181
5556
5904
5977
5241
5256
5204
5256
5894
5373
5130
5243
5798
5179
5111
5131
5177
5810
5286
5126
5131
5246
5470
5221
5154
5117
5135
5181
5135
5250
5729
5139
5164
5295
5204
5155
5289
5167
5420
5776
5208
5423
5484
5553
5140
5184
5287
5555
5430
6162
5743
6080
5302
5180
5543
5449
5847
5305
5187
5163
5157
5241
5576
5389
5432
5335
5498
5341
5298
5263
5475
5716
5342
6039
5487
5822
5670
5173
5187
5238
6161
5275
5283
5354
5368
5730
5731
5843
5184
5478
5303
5658
5410
5570
5530
5631
5317
5655
5262
5912
5215
5499
5897
6023
5469
5561
5646
5519
5367
5902
5276
5303
5297
5689
5288
5366
5765
5349
5343
6121
5299
5292
5252
5429
5536
5440
5820
5482
5429
5448
5228
5330
5862
5952
5231
5533
5543
5331
5860
6013
6051
5400
5901
5401
5903
5668
5226
6107
5903
5901
5902
5316
5238
5561
5335
5529
5932
6158
5428
5663
5941
5619
5423
5490
5680
5681
5629
5726
5651
5926
5512
5511
6167
5557
5348
5458
5467
5543
5371
5264
5358
5404
5456
5797
5339
6097
5340
6098
6089
5646
5264
5573
5870
5599
5267
5274
5297
6168
5564
5276
5329
5648
5777
5780
5288
5459
5586
6150
5280
5376
5448
5482
5365
5593
6022
5303
5443
5372
5629
5582
5369
5630
6025
5582
5267
5388
5579
5276
5289
5759
5760
6107
6167
5310
5523
5311
5753
5996
5442
5662
6118
5390
5288
5302
5368
5522
5442
6173
5575
5315
5657
5532
5579
5999
5297
5305
5762
5708
5715
5315
5362
5715
5410
5906
6043
5778
5421
6035
5593
5893
5391
5486
5664
5473
5430
5583
5746
5422
6031
5402
5818
5860
7348
5568
6092
6093
5826
5827
6094
6095
5652
6056
5787
5449
5741
6021
5904
6100
5327
5850
6101
5630
5900
5862
7539
5431
5647
5424
5807
5978
5362
6039
5389
5583
5600
5360
5435
5471
5588
5595
5640
5596
5641
5640
5782
5641
5783
5403
5514
5874
5793
6007
5363
5711
5792
5483
5522
5659
5412
5591
5926
5795
5430
5449
6026
5585
5791
5863
5388
5598
5794
5911
5438
5478
5420
5591
5679
5465
5589
5666
5804
5778
6034
5690
5669
5805
5482
5490
5554
5553
5639
5399
5941
7537
5780
5448
5816
5740
5815
5988
5539
5602
5611
5758
5441
5735
5785
5893
5784
5900
5896
5941
6569
5810
5839
5771
5390
5660
5510
5439
5898
5437
5899
5555
5787
6073
5511
5745
5512
5711
5842
5444
5980
6115
6016
6017
6129
5926
5809
5808
5580
5735
5517
5604
6033
5529
5779
5659
6083
5820
5452
5981
5862
7192
5860
6866
5813
5956
5837
5861
5666
5751
5571
5569
5838
5661
6036
5798
5466
5739
5709
5648
6115
5483
5607
5717
5680
5730
5681
5731
5767
5845
5848
5672
5692
5673
5701
5855
6101
5601
5712
5481
6107
5848
5882
5585
5592
6067
5597
5598
6068
5460
6174
6147
5520
5569
6109
6144
5571
6108
6142
5745
5831
5735
5788
5577
5658
6156
5758
5840
5541
5919
5471
5631
5886
5823
5532
5518
5764
5589
5591
5606
5525
5786
5671
6081
6019
5669
5806
6014
5620
5818
5679
5866
5525
5807
5847
5564
5565
5801
5968
5738
5605
5907
5942
5873
6150
5779
5810
5746
5874
5565
5934
6139
6164
5913
5947
5914
5948
5915
5950
5916
5951
5859
6172
5787
5910
5544
5985
6043
5609
5945
5608
5946
5952
5788
5823
5792
5865
5831
5932
5808
5837
5809
5845
5937
5938
5521
5539
5786
5819
5852
5865
5887
5570
5573
5639
5789
5781
5971
5602
6070
5602
6090
5839
5895
5576
5962
5968
5536
5657
6002
5963
5971
5671
5796
5710
5852
5853
5912
5689
5861
5908
5887
5909
5855
5895
5907
5933
5571
5688
5692
5653
6110
5550
5569
5691
5701
5908
5913
5916
5920
5909
5914
5882
5915
5761
5991
6129
5689
5828
6073
5838
5639
6139
6169
5868
5993
5560
5829
6060
6065
5923
5924
5863
5980
6011
5981
6012
5985
6015
5614
5978
5650
5855
6140
6125
5835
5933
5967
5621
5873
6024
6028
5659
6027
6029
5676
5920
5966
5673
5774
5672
5775
5687
5638
5690
5712
6021
5683
5876
5737
6021
6089
5874
5716
5910
5823
5610
5859
5872
5938
5871
5937
5660
5763
6106
5942
5962
5967
5982
5947
5963
5950
5984
5951
5987
5948
5983
5816
5667
6084
5830
5925
6029
6114
5877
5955
5827
6087
5826
6088
5945
5946
5989
6005
5968
5980
5990
6006
5971
5981
5992
6007
5985
5991
5682
6085
6042
6041
5982
5989
5983
5990
5984
5991
5987
5992
6089
6033
6048
6086
5820
5832
5727
5894
5716
6003
6121
5737
5737
6066
6079
5873
6001
5766
6170
5896
5796
5757
6104
5756
6151
5864
5927
5928
6005
6037
6006
6038
5817
6063
6007
6040
6079
6099
5774
5775
6105
5733
5840
6024
6048
6049
6075
6050
6076
5814
6064
5927
5959
6008
5928
5958
6035
6027
6037
6011
6055
6015
6060
6038
6058
6012
6057
6040
6059
5758
5833
6148
6031
6028
6029
6053
6061
6064
6068
6065
6066
6054
6062
6063
6067
5729
5843
5732
6049
6053
6050
6054
6055
6061
6057
6062
6058
6063
6059
6064
6060
6065
5790
6067
6084
6068
6085
5789
5863
5973
5890
5891
5733
5936
6013
5801
5995
5912
5832
5838
5960
5956
6000
6004
6166
5766
5781
6010
6030
6075
6102
6076
6103
6000
6079
5856
6087
5931
6116
5761
5935
6020
5870
6084
6104
6085
6105
5958
6109
5959
6108
5890
5939
5891
5984
5771
5976
5997
5961
6081
5840
5864
6086
6099
6102
6105
6103
6104
6088
6134
6087
6135
5931
6101
5939
5963
5805
5811
5804
5812
5799
5800
6039
6082
5952
5811
5812
5962
5825
6102
5824
6103
6077
6078
5961
6117
6025
6022
5906
5846
6059
6046
5844
6058
5853
5830
5977
6072
5857
6076
5858
6075
6128
5978
5906
6111
6027
5905
5886
6106
6047
6001
5878
6166
5940
6186
5920
6019
6114
5851
5996
6080
5964
5999
6082
5960
6124
5925
6028
6069
5993
6026
6026
6033
6115
5934
6009
6017
6095
6016
6094
6133
6187
6122
5911
6106
6116
6142
5888
6126
6171
6127
6172
5892
5921
6048
5894
5973
6117
6144
6004
5957
6003
6134
6156
6135
6155
5986
5902
5901
5903
5911
6123
6181
5932
5966
5918
5917
6034
6096
6022
5953
6166
6044
6052
6045
6071
6025
6168
6112
6149
5974
5972
6073
6153
6152
5998
6121
5954
6086
6176
6041
6042
6155
6175
6156
6174
5993
5994
6008
6091
6119
5995
5945
6126
5946
6127
6010
6046
6020
6148
6186
6113
5961
5988
6056
6078
6077
6137
5979
5994
6158
6146
6175
6174
6138
6157
6159
6187
6129
6120
6009
6131
6018
6023
6141
6032
6140
6165
6136
6004
6133
6019
6113
6120
6056
6140
6014
6160
6070
6135
6145
6130
6111
6154
6164
6096
6112
6119
6052
6071
6072
6080
6082
6077
6078
6111
6110
6094
6095
6100
6168
6161
6092
6093
6096
6083
6162
6169
6119
6171
6091
6183
6128
6132
6127
6126
6113
6116
6117
6130
6158
6147
6163
6138
6163
6137
6141
6151
6183
6143
6155
6149
6176
6177
6175
6182
6153
6170
6154
6149
6157
6159
6173
6169
6177
6178
6165
6177
6173
6213
6182
10952
6209
6223
7586
6191
7666
9724
6242
6422
8039
6541
6826
6306
6594
7655
6206
9044
10240
6200
6390
8668
6225
7180
10953
6345
6485
6613
6253
6473
6215
6889
7385
6407
6607
6666
6396
8260
6213
6482
7151
6292
6480
7482
6221
6859
10757
6226
6369
7358
6347
6565
8127
6326
7557
6219
6515
7027
6232
6267
7482
9912
10564
6447
6613
6762
6344
6625
9755
6279
6825
8756
6814
6230
6554
10675
9933
10337
6288
6474
7153
6264
6415
10608
6316
9022
9588
6560
7475
6374
6977
6514
10159
6361
6518
8907
10555
10930
6227
6437
8582
6409
9248
6900
10880
6438
7854
6245
7529
10220
6338
6868
7761
6593
9166
6234
6634
7466
6318
6375
6234
6310
8333
10717
6243
6255
7662
6343
7698
8875
6489
6710
10952
6298
6980
8330
6577
6665
10570
6304
10224
10620
6364
6483
10050
6882
9513
6750
10683
6266
8449
9442
9607
10739
6439
6498
9164
6382
6612
7437
6255
6273
7862
6281
10071
10232
6305
6460
7064
6425
6464
7104
6339
9997
10609
8190
8870
6369
9571
8755
6521
6570
9521
6313
7208
10737
6372
6510
10052
6381
6476
10840
6403
7105
8458
6516
6729
9912
6275
6877
9646
6276
6426
7491
6918
9131
6359
6572
7029
6329
7497
6385
9049
6309
7571
8835
6273
6338
7869
6433
6466
7193
6280
6487
9543
6360
10495
10584
8749
6367
10496
10578
9476
10758
9831
9944
6331
6556
10368
6297
6690
7594
8317
8974
6827
9443
6910
7302
6324
6456
9113
6302
6949
9702
6328
7882
8058
6391
6823
9864
6534
6583
8337
6393
6817
9855
7077
7496
6411
6462
6740
6340
6806
9966
6341
6765
9965
6375
6898
6363
9116
9344
6370
6829
7399
6314
8726
9788
6536
10401
10933
6932
9460
6584
9469
6301
9066
10365
6342
6505
10091
6439
7558
6423
9120
6315
7905
8430
6973
10022
9543
10051
9535
9697
6346
6350
9447
6412
6512
7017
6527
9805
9053
9242
6732
7039
7362
6648
6672
8181
9767
10058
6519
6785
7043
9524
9099
9356
6501
6667
10506
6320
7554
6383
6610
10397
6808
8918
6379
6748
7307
6522
6591
7154
6413
7007
10491
7571
9614
6365
7555
7587
6356
9128
6529
6696
10507
6830
9472
6337
9046
6380
6577
10308
7374
8317
6525
6609
9160
6395
6714
10808
6353
6595
7055
6459
6460
7123
6344
6368
6675
7099
7908
10210
9112
9446
10247
10248
7920
10268
6918
9399
6682
6755
10122
6633
7212
9512
9707
6430
7381
10614
6456
8473
10008
8231
9980
6584
6589
8201
6441
6631
7206
7127
8479
6406
6411
8206
6432
7063
7437
6415
9283
6551
8096
9132
6637
9429
9528
6399
7198
6752
9299
8904
10027
6669
10287
10692
6728
6879
6523
9248
6411
7310
6471
6828
8713
6788
9288
6627
6697
9886
6786
7032
6420
9445
9727
6524
9210
6417
6597
6943
6910
9548
6488
6399
6555
6994
6550
6982
7669
6465
8591
10295
9193
10130
6846
7107
9565
9787
9751
9967
6984
9169
6392
6987
8539
9196
9604
6496
7038
7427
6616
7448
8097
6517
7720
8388
6796
7632
7898
8636
10632
6506
6911
6653
7701
6509
6915
6497
8843
8866
6454
10312
6418
7880
6419
6894
10936
6432
6544
7282
6776
6402
6465
6772
6677
7182
9224
6520
7590
9358
9589
6405
6881
10232
6783
9295
6717
7329
6878
6897
6596
9087
9215
6844
7141
6608
6693
7010
9443
10043
6895
7159
6528
6756
8393
9435
6418
6437
7922
6612
6670
8743
7226
10788
7139
9187
6723
6809
7004
6583
9441
6606
7296
6573
6658
7066
9049
10587
6610
9847
6440
7073
8571
6629
6662
10666
6539
8693
10212
6476
7907
6520
9436
10295
9719
8135
10649
6435
9749
9976
7471
9928
6580
6978
7209
8734
6616
8081
9119
6585
7652
6552
7144
6547
7029
7031
6789
6797
7770
6451
6845
6848
6539
6883
7163
6645
9391
9799
10100
10168
6598
9259
10730
6599
9260
10729
6674
9093
9729
9210
10083
6561
9757
10345
6542
6818
6925
6475
7746
6552
6586
7069
9563
6470
9848
10330
6640
9760
9815
9989
10082
9993
6536
6624
7470
7555
9771
6502
6877
9314
7013
7232
7706
7019
7265
6506
6685
6922
6726
6859
6879
6509
6686
6926
7801
9875
6913
6526
6655
6991
9293
9811
6822
7152
6705
10033
8038
6499
6574
7012
6655
6784
7231
6531
6656
7005
7529
10226
6773
8177
9958
7544
10294
10275
10953
6548
6666
7296
6608
6867
6656
6804
7246
6546
7064
8918
9362
6834
7540
6863
7585
8846
6774
6856
7212
6718
6782
8361
6643
6685
7158
6646
6686
7164
6624
6685
8915
6686
8779
6504
9595
6797
9154
6500
6790
6751
6993
9611
10395
7556
10204
6884
7151
10334
7095
7376
6605
9065
6558
6615
9868
10451
6710
6916
10335
6545
10274
10791
6755
7326
7679
9295
10114
6705
6920
7122
9897
10174
7323
9089
6523
10663
6938
9705
9214
10588
6893
7350
7114
7204
10857
6948
7254
10704
9734
10703
6573
7071
6976
10512
7014
9416
7452
9023
9600
10398
6617
8552
9778
6900
10514
6538
8510
9516
6557
6902
10367
8585
9527
7940
9900
10429
10511
6721
10617
10946
6600
7686
10056
6579
6836
10011
6641
8872
6908
7000
6627
6927
9391
6635
10017
6667
8779
6887
6929
7324
8263
6949
9984
8252
9943
10430
7016
8485
9866
9894
9632
6582
6757
9505
6688
9909
6997
7115
8260
10632
7670
9138
6696
8915
6569
6772
7537
6975
7206
7452
7496
6746
7583
9160
6799
9960
6687
7068
10930
9481
9839
6858
6907
7860
6896
7013
7672
6600
7693
9179
6959
9161
10408
6576
7073
9621
6579
6739
6746
7836
9193
6636
6701
9682
9644
10306
7436
6661
6876
7343
6998
9722
10921
6741
7205
7459
8018
9802
9478
8325
6939
7188
6921
7026
6838
7172
7584
6601
7684
9641
8331
9875
6704
7387
10639
7179
8881
7139
7266
10455
6654
9987
9629
9787
7238
7640
7679
9680
6650
7146
9891
10443
9892
10442
8398
9743
9889
6820
10243
10761
6711
6858
9592
6620
7979
9354
9868
10125
6874
9345
6645
6927
6762
10329
10696
10372
6932
7420
10339
6956
10101
7501
7589
10227
7422
8726
10201
7521
9269
6683
6875
7456
6754
6794
7274
8475
9550
6639
7802
10172
6639
10863
10922
6860
6880
7654
10706
10598
10920
6744
7508
9927
9755
6655
9953
10085
6711
7860
6656
10004
10069
6714
10040
6735
9104
10320
6829
9316
6677
7277
6692
10323
6865
8840
7387
9756
6935
6938
8203
10316
6812
9624
6801
9736
6964
9819
10813
7688
10706
8329
9033
9639
9754
7038
7702
7264
8457
9609
9750
10098
6660
6699
6933
6962
7048
7125
10597
10888
7189
10592
10886
6718
8022
9032
10684
6670
6952
10566
6761
7251
6660
6689
6748
7195
7853
9337
8995
9339
6809
7327
9645
6777
6937
9947
9969
10569
9372
6817
6700
6729
9248
7708
10486
9967
6955
7252
8435
9187
10078
6786
6824
7199
8896
9748
6794
7148
6925
7034
7648
10473
6720
7243
8119
7047
8587
9084
6695
7445
8942
6706
9728
10258
6794
9819
7891
9197
6898
9362
7108
7586
7359
7398
6992
7312
6708
6995
6920
8784
9906
7596
9925
6818
7062
6837
6866
6893
7089
10489
6823
7080
7190
6848
7107
7436
7046
7106
6844
7108
7205
7366
6974
8869
9482
6805
10057
10062
7364
9533
9955
9559
9800
7365
7567
9564
6719
10349
6807
8424
8896
10714
9920
7130
8505
10378
7131
8506
10377
9632
6946
9618
9624
6939
7316
7342
7256
8034
10708
10873
7321
9081
7051
9340
6769
6923
7353
9159
10820
6813
8835
9216
7175
8760
10003
6790
7008
6815
7882
10723
6923
7357
7586
7194
7373
9340
6875
7159
8009
6889
9651
6845
7174
7209
7101
7445
9464
9931
10190
6758
10503
10911
6870
6971
9473
6989
7365
9167
6778
10718
9161
10154
6857
9682
6951
7095
8843
6916
9149
9255
7137
10461
6884
9148
9256
7102
6766
8327
9580
7012
6798
6831
7663
7036
9329
6933
7076
7143
10353
6864
9925
10348
6870
6964
10110
7496
7615
6801
9475
9801
10809
6840
7271
9909
6769
9634
10243
7166
7176
7087
7278
7377
9260
7279
7378
9259
9282
10010
7924
9551
7137
8914
10805
7138
8913
10806
9211
6876
7119
7226
7010
7019
7087
7261
9812
9895
6888
7293
6979
7141
7180
6778
7123
7044
7056
10082
6966
9358
10269
7038
7358
10514
7156
8968
10678
6860
8341
7017
7045
10341
10950
6837
7422
7318
6890
7257
9924
7072
10366
7406
7637
10159
7457
8956
9453
6976
10085
10912
6979
7429
7925
7051
7373
9146
9904
9942
7558
7114
7590
7248
9570
6957
7384
9700
9710
6890
7027
8981
6891
6919
7184
10297
10951
9913
10905
9392
10044
7370
9535
6920
6950
9176
6960
10655
10833
6821
7110
7290
6981
9587
9073
9622
9124
10859
9806
9950
6873
9024
10532
10716
6867
7568
9101
10005
7633
9033
6897
8221
7118
7559
10724
6947
7412
7374
9425
6987
7639
6985
7017
9695
10945
7826
6903
9425
7220
7543
6839
7219
7541
6851
7192
7539
7750
9086
7297
7337
7408
9932
10718
7498
7082
7306
6862
7268
7359
7487
6930
6968
7461
6931
6969
7462
6853
7228
7536
9539
8980
9544
7239
7544
9761
6994
7064
7123
6861
7273
8110
10172
10722
6871
7272
6988
7635
9220
7091
7331
7699
8815
9980
9414
10826
10070
9116
8022
8250
9593
8625
9376
6873
10420
7171
10026
7060
7204
7425
7326
7864
7905
6889
7142
7611
8271
8264
9646
6907
8227
9477
10574
7110
7548
9312
7110
7296
7383
7155
7468
7302
7494
7097
7454
10013
10194
10039
6901
7082
7479
7283
7335
9061
6994
7129
7067
7225
9699
7797
9247
7059
7253
10879
6899
6986
7085
7088
7080
9385
7398
9166
10069
7211
7281
8712
10925
8756
9795
6905
6953
10606
6967
9901
8546
9673
9840
7014
7034
7340
7069
7122
7746
10736
8773
8934
7136
7375
10058
7349
7797
7303
7689
9257
8796
8939
10077
7049
7113
10022
9251
7349
7506
7093
7120
8773
8912
9424
6944
7568
10103
9077
8796
8926
7080
7556
10015
10475
6985
7605
7052
7223
7053
7224
9504
7012
7074
7078
7146
8448
10469
7236
10432
10436
7258
7866
8377
9157
7002
7065
9584
6985
7045
7636
7069
7120
7126
7111
7127
8265
9524
7085
7109
7147
7258
9944
7032
7183
7103
7160
10250
7122
7126
10296
10899
6981
7127
8612
10822
8934
9263
9408
7091
9200
7063
7146
7648
10746
8939
9270
9409
7543
7590
7449
9753
7088
7147
7157
7078
7161
7161
7162
7582
10518
7090
7162
7165
9863
10012
10516
10928
7278
8506
7279
8505
7160
7165
8881
7802
10518
7233
9648
10231
9073
9181
7307
9627
7144
7451
10688
7315
9961
7201
9433
10818
9721
8899
10679
7836
9897
10754
7075
7324
7459
9941
8872
9672
10003
10343
7369
8779
9611
9052
9090
7307
10212
7008
7483
7484
7772
7465
8890
10479
7129
7719
7075
10397
7034
7328
7384
7062
7352
8154
8559
10251
7169
7920
7040
7502
9194
7234
7335
9062
9109
7152
7187
8060
10621
10804
8722
7282
7414
7596
7389
7093
7500
7721
7419
9503
7200
7239
10198
7230
9066
7021
7249
7289
7430
7022
7250
7291
7386
9567
7367
9568
7103
7443
7849
7140
7271
10339
7037
8966
9908
7144
7428
7121
7109
7486
7773
7075
7169
7184
7270
7198
7754
7186
7096
8439
9908
7470
8915
9600
7097
7356
7090
7582
7322
7611
7322
7916
7058
7137
7461
7059
7138
7462
7061
7864
7671
10423
8962
7284
7442
7589
9998
7111
7581
7213
7245
7365
7617
10383
9117
7058
7288
7059
7287
7101
7337
10344
7111
7620
7238
7675
7411
8255
10198
7508
7197
7366
7391
7913
8107
9241
9983
10268
7177
7293
7167
7177
8980
7510
7599
10099
7245
7251
9197
10338
10109
8439
9241
7106
8738
7092
10345
7096
7330
7333
8342
7167
7229
7318
7440
7213
7251
7263
7488
7877
10766
8493
7186
7826
9159
8135
10296
9915
9982
10641
8834
9036
10211
8643
7136
7537
8304
7157
7582
7823
7112
7321
7950
7168
7513
7309
8459
10723
9406
7293
8815
8568
7150
8836
10030
10263
7405
7241
9130
9608
7519
9181
10417
7198
7757
7155
7338
7690
7202
8589
10332
7267
7311
9038
10788
7150
8675
10193
7179
7376
8863
9953
10249
8836
7132
7178
7341
9054
7378
9619
7377
9620
7187
7793
7300
7313
7384
7336
7453
10064
7708
9574
10695
7261
10879
8607
7196
7487
7433
7530
9337
10350
7221
8332
9145
7185
9032
9072
7682
9078
9168
7721
9124
9036
7311
7615
7185
8863
8341
9810
10117
8863
8912
9981
7216
8900
9630
7524
7584
8926
9986
8901
7177
7450
7999
7421
7616
8652
7241
8493
9940
7455
7596
7227
7532
9574
9701
10661
7380
10921
9771
9797
7263
7534
7392
7479
9822
9296
7338
7931
7937
7509
7624
7413
7431
9584
7773
7234
9082
7240
7650
10004
10245
8221
9072
7341
7407
10319
7602
7216
8901
7242
9542
7284
7532
7317
7256
7229
7469
7604
7875
9320
7332
7557
7325
8695
9343
8967
7776
8068
9621
10109
9315
9733
7300
9700
9778
7392
7473
7399
8637
7299
7372
8790
7986
9207
9918
7849
7339
9784
10677
7583
9074
9789
7630
7631
9265
9739
7260
9322
9448
7295
10442
7294
10443
7318
7399
7247
7440
7621
9363
9092
10745
9090
10042
7503
7721
10019
10508
7431
7441
7577
7641
9682
10826
7522
7634
10102
7866
7342
7673
9034
7393
10416
7390
8158
7259
7546
8445
10207
9109
10047
7284
7397
9959
10760
9226
9408
9202
9409
7597
8550
10868
10898
7447
7773
7297
7458
10034
8967
10277
10824
7491
7346
7893
8477
9401
7706
7281
7440
7812
9592
8154
9826
7439
7849
9730
10281
7547
8762
7275
8250
7286
7520
7886
7348
7506
9765
8255
9476
8264
10493
9032
9493
7643
9277
8519
9495
10081
7509
7644
10442
10443
7432
7434
8142
7499
9241
7431
7507
7298
8086
8623
7516
8553
7354
10591
7355
9597
9388
10050
8949
9840
9387
10052
8675
8813
9999
7354
7478
7355
7477
9292
7600
7813
7522
7538
7521
7533
9143
9804
10785
9189
10369
7523
7875
9016
7738
9080
9093
7407
7524
7345
7432
7814
7689
10076
7329
7599
8702
7532
8693
7987
8094
7456
9321
10246
8795
10002
7641
7867
7594
7772
7649
7916
9438
7347
9675
10405
8978
10075
7776
9025
9979
9718
10259
9077
7335
8885
8094
8207
8986
9439
7516
7993
7661
7665
7489
8157
7406
7656
7847
7497
7566
9272
9110
10093
10894
8207
8231
7892
7550
7763
10350
7433
7626
9094
8832
9059
7368
8590
9709
10801
7425
9418
10326
10482
8231
10406
9275
10161
7535
7542
7659
10510
9275
9300
10169
7404
7562
7723
7402
9125
9421
10163
10748
7400
7657
7737
9430
10650
10431
10753
7705
7915
7427
10392
7655
8487
7388
7512
9400
7375
9767
9536
7598
8514
10105
9972
9971
7474
7697
8301
9210
10791
9512
10359
7561
7666
9426
8722
9300
7530
8397
10449
10765
10658
7396
10379
8107
8769
7597
8883
7628
9911
7416
9523
9756
7797
8670
8713
7674
9133
10376
7402
7760
7812
8720
7435
9803
8063
9115
10517
7505
8957
9287
10367
7531
7739
8823
9521
9792
7479
10254
10277
7484
7624
10349
7435
7760
10562
10381
10777
8109
8217
7944
8217
8439
8844
7724
9454
10137
7504
7793
7521
7987
9243
7517
9479
10146
8493
8924
9765
10219
7762
9134
9065
7606
9155
10375
9095
9367
10028
8652
7444
7453
7770
9336
8643
8932
7742
8769
8792
8838
8818
7492
7958
7505
10710
9735
7476
9346
10882
8792
8801
7716
8376
8720
8823
8801
9484
7558
10530
9663
7710
7768
9942
8568
8891
7525
8216
8713
10671
7999
8648
8932
8985
8631
7552
7659
7969
8844
8865
10338
7908
9867
8259
9355
8865
8866
10026
10505
10504
8866
8871
9607
7540
7634
10104
8176
10924
7527
10291
7525
7879
9516
7595
7658
8109
8547
10394
7643
10475
7529
8871
8897
8033
8319
7607
7756
8981
8985
9087
10188
8625
9892
8626
9891
9251
10315
7533
7560
10031
8897
8738
9540
7622
7696
10162
8891
8917
10111
10209
7645
7822
8898
9170
9613
9169
7610
8027
7515
7713
7735
8962
8994
7591
8898
9723
7513
8652
10221
8319
9797
8989
9325
10593
10741
7611
8818
8924
8989
7723
8033
7549
7944
9083
10561
10471
7573
7625
7937
7603
7609
7592
7570
7600
7859
8397
8485
9200
9677
10477
7565
7887
7998
8637
8887
7612
8105
9207
9284
9461
10189
7625
7792
7906
7635
7644
7741
7824
10367
7713
7973
9096
8233
8648
9920
7631
7604
8514
7621
7602
7630
7577
7697
8826
8230
9101
7629
7739
8949
9532
7572
7737
7766
7895
7669
8277
9063
7846
8041
7800
7843
9708
8836
9049
8760
9304
7569
7739
8060
8456
9354
7639
7660
7793
8060
9105
9366
10222
7668
7687
8349
8663
9809
7842
7846
10099
10448
10144
7794
9283
7758
8044
9285
9125
7744
8556
7645
7769
8600
9619
10356
9620
10355
8910
7707
8131
8782
9436
9846
10599
9070
9245
10135
8900
9088
10304
8693
7609
10534
10099
10448
7614
9031
9335
10625
8114
9785
7842
7909
9285
9360
9416
10339
7690
7747
9218
7680
7782
8854
8759
9333
10008
8250
7760
9529
8255
9054
9227
9988
10896
7778
7885
9143
9361
9836
10682
7790
7871
7902
8463
7692
7725
10286
8767
9121
8358
7894
7909
7982
9335
7709
9562
10547
7650
7652
7709
9088
9118
8264
9399
8561
9252
9339
8520
7713
8214
7654
7677
10175
8012
8334
7973
8783
8625
8626
7768
7873
9211
9841
9227
9506
7780
9154
7686
7693
8024
7701
9118
9141
9079
7677
7701
7745
9593
8235
7800
8471
8859
9214
10428
10906
8995
10075
7653
7654
7658
7798
9644
7787
8279
8689
8333
8905
7676
7736
10007
7745
10420
7794
8651
7823
7837
8626
9319
7740
7890
8156
8279
8489
10223
7801
10121
10660
8484
8729
8931
7696
7824
9156
9163
10587
10893
7787
7889
10038
10897
9141
9156
7899
8884
8022
8263
9163
9215
10188
9002
10368
7690
7715
7931
9028
9498
7817
9715
10231
8018
9666
7777
8069
8273
7879
7833
8014
9052
10512
8925
7779
7994
8605
7751
7759
7897
7749
7751
7815
7807
7943
10269
8895
10162
10382
7833
8729
7710
7899
9541
9062
10514
7782
7818
8368
7759
9505
9666
8091
8153
10000
7975
8889
9639
8589
7731
7838
8084
7781
7927
8334
7830
8872
9475
7967
8079
7867
8352
7765
7965
8638
7828
7954
8213
9276
9731
9990
10263
7764
7933
8064
8678
9665
10474
7815
7830
8040
8209
8735
7775
8555
8816
7730
7833
7993
7955
9641
9717
7923
7932
10116
10255
7771
7778
7874
7748
7771
8466
7900
8023
8151
8410
8532
8031
8212
9638
10424
7753
8269
10585
9008
9106
8348
8879
9071
7834
7931
9507
9632
8079
8212
7792
8057
7752
8083
10074
10104
8595
7921
8433
8000
8102
9215
9273
7774
8002
8363
8032
8826
9273
9276
7852
8048
8262
7835
8299
7783
7843
9038
10320
8497
8629
8371
9827
7889
8573
7929
8327
9550
7828
8224
7847
8692
8486
8526
8104
8470
10939
7791
8256
8345
8467
8644
9212
9963
7926
7951
9859
7894
8724
7798
8031
9713
7825
8023
10025
7810
7829
7919
8785
7807
7963
8061
7874
7885
7921
7983
8295
7903
8149
8103
8880
7841
9334
7901
8157
9145
9457
8020
8423
10081
8662
8331
10242
7873
7938
10150
7829
8006
8313
7947
7948
9384
7877
8719
9217
8350
8091
8209
8229
7946
9174
9913
9085
9801
9441
10173
10596
8025
9341
7958
9458
7914
7919
7972
8587
8090
8190
8680
9737
7840
8074
9711
7950
7972
9084
7832
7870
9613
7828
7901
8039
7953
8339
9554
7862
7869
8029
8275
8539
7855
8098
8103
8143
9040
7967
8578
7869
8072
10159
7862
8037
7952
8667
7910
8354
8613
7974
9245
8090
9136
8908
8701
7845
8046
8251
8021
8791
9172
8041
7962
7968
8044
7949
7956
8008
7964
7971
8380
7962
8098
9539
7922
8089
8048
8057
7956
7976
8225
7960
7985
9456
7870
7871
8093
8025
8381
8561
7975
8644
9489
7968
7971
8996
8028
7966
7984
8230
10276
7895
7870
7970
9170
8143
7964
7985
9123
8130
7960
7984
8114
8732
7954
7974
8218
8003
7928
8390
7966
7976
9836
8459
8198
8242
9322
8077
8354
8525
8083
7977
7993
8261
8613
7913
8012
8036
8952
7910
8077
9544
9082
10613
7896
10097
8697
8353
7915
8808
7988
8013
10150
10151
8606
9367
8074
7977
8011
7936
8053
8159
8219
8305
9603
8466
9114
8051
8171
9134
9058
8302
7949
8108
8123
8017
8052
8526
8239
8034
8433
7927
9203
8262
8359
10470
7970
8093
8115
8042
10221
8575
7928
7977
7989
8274
10241
8893
10457
7935
8124
8004
8199
7979
8099
8245
8603
8733
8014
8062
7939
8450
8265
8837
10144
7957
8118
8015
8095
9114
9748
8066
8249
10079
10481
8157
8332
9439
9478
9555
7980
10012
8983
7978
9730
9990
9069
9343
7979
8088
7992
8075
8308
8119
8001
8012
7996
10503
8013
8076
8074
8359
8453
8417
8010
8310
8143
7961
8073
9787
8465
9697
9371
8049
8316
10095
8237
8242
8445
8447
8716
8016
10258
8296
9549
8422
8953
8382
8979
7991
7995
10455
8054
8061
8019
8043
9727
8087
8767
8093
8132
9350
8047
10712
10735
9225
8155
8204
8197
8203
7992
8111
8226
8008
9361
8236
8511
10060
8043
8045
8577
10354
8075
8122
10048
8122
10020
9140
8145
8293
8118
8268
8017
8065
8216
8244
8124
8153
8134
8460
10602
8251
8496
8453
8571
10572
8663
9321
10491
8026
8312
8203
8270
9368
8365
8050
8128
9559
10647
8992
9813
8035
8234
8278
8789
8272
8338
8283
8204
8244
9903
8050
8146
8112
8141
8239
8299
8320
8323
9025
10035
10916
8719
8345
8544
9178
8539
8160
9445
8268
8509
8320
8337
8051
8073
8337
8273
8723
9043
8092
8313
8326
8560
8232
10030
8313
8660
8114
9664
8854
8106
8163
8149
8825
8839
8069
8152
8194
9581
8105
8660
8791
8996
9055
9837
8601
8059
8185
9795
8162
8197
8370
9400
10531
8152
8725
8138
8201
8095
8152
8113
8226
8293
8811
9556
8503
8071
8173
10234
8096
8323
8521
8133
8155
8346
8409
8082
8202
8280
8943
8201
8285
8363
8335
8351
8375
8395
8301
8278
8737
8147
8174
9866
9045
9427
8829
8904
8236
8284
8351
8403
8524
8422
8681
9783
8208
8147
8335
8414
8771
8284
9580
8108
8140
8258
8270
8338
8463
8202
8205
8622
8139
9080
8807
8240
9789
8735
9209
9931
10242
8241
8428
8295
8542
8241
8281
8297
8432
8117
8127
8171
9512
8416
8210
8150
8170
9839
8376
8544
8673
8303
8209
8417
8254
8126
8174
10117
8968
8150
8246
8289
10714
10858
10952
8384
8466
8534
8644
8297
8427
8148
8226
8282
8437
10168
8296
8336
9703
8223
8498
8607
8325
8752
8424
8487
8308
8354
8142
8609
8833
8189
8286
10257
8267
8281
8246
8315
8257
8303
8310
8238
8604
8340
9830
8777
8200
8202
8401
8411
8294
8385
8179
8191
8168
8196
10483
8163
8192
8165
8181
8188
10098
8176
8195
8177
8195
10660
9433
9643
9434
9725
9779
9586
8194
8977
8184
8196
8180
8181
8240
8191
10078
8187
8193
9667
8184
8193
10693
9806
9261
9807
9262
9826
9281
8194
9812
8377
8391
8418
8403
10059
8395
8409
8426
8267
8324
8967
9161
9447
8289
8291
8401
8422
8391
8400
9934
8778
8405
8421
8410
8972
8260
8390
8541
8446
9510
8405
8517
8312
8315
8551
8580
8851
9398
8400
8412
9970
8632
10281
8421
8588
8445
8590
8561
9249
8813
9381
10358
8273
8340
8465
8350
9589
8336
9768
8240
8316
8342
8671
8392
8418
8593
8307
8360
8669
8438
9201
8382
8419
9816
8549
8629
8725
8443
8325
8330
8817
8412
8430
8513
8291
8369
8292
10113
10552
8398
8510
9884
8256
8310
8340
8269
8293
8288
8525
9139
10462
8302
8303
8685
10423
8430
8268
8300
8862
8973
8302
8448
9491
9493
8292
8508
8494
10840
8633
10590
9123
9151
9664
9452
10679
9495
8589
8324
8374
8362
8322
8355
8307
8375
8452
8331
8383
9830
8451
8750
9108
8366
8536
8356
8394
8586
9481
8442
8321
8402
8746
8495
8399
8492
8309
8373
8429
8574
8305
8416
8595
8514
9048
8361
8575
8630
8455
8610
8360
8431
8369
8379
8450
8416
8470
8487
8579
8378
8326
8541
8462
8607
9187
10068
8585
8355
8460
8457
8516
8676
8679
8350
10199
8369
8388
8434
9841
9896
9177
9612
8620
8808
8624
8456
8618
8374
8375
8630
8946
8481
8751
9894
8383
8461
8661
8705
8374
8830
8394
8472
8537
8551
8861
8404
8406
8529
8673
8750
8750
8757
8468
8458
8478
8360
8367
8408
8710
8860
8849
8433
8474
8806
8661
8601
8623
8854
8389
8406
8373
8603
8415
8604
9002
10575
8379
8389
8717
8761
8406
8497
8500
8598
8826
8420
8385
8490
8420
8716
10045
8548
8560
8491
10195
8575
9067
8396
8462
8498
8530
8502
8554
8567
8420
8501
9474
8694
8428
8482
8710
8903
9707
8455
8444
10615
8899
9992
8432
8475
8563
8700
8444
9810
9818
8415
8464
8565
8461
8480
8564
8429
8464
8538
8970
8553
9218
9603
8494
8502
9551
8446
8480
8484
8524
8594
8527
9366
8653
8528
8874
9093
8452
8472
10225
8599
8691
8495
8522
8639
8754
8455
8538
9557
8442
10263
8540
8543
8461
8562
10307
8559
10645
8474
8698
8531
8550
8883
8472
10260
10359
8458
8478
8490
10583
8596
8665
8864
8632
9026
9190
8501
8717
8820
8482
8739
8507
8540
9977
8475
8559
8680
8496
9750
8791
8500
10005
8640
8672
8508
8530
8507
8606
10028
8664
8956
8960
8882
10733
9057
8481
8597
8687
8800
9935
9358
9587
10276
8611
10180
8537
8507
8533
8763
8533
8674
8499
8599
8690
9706
10054
8785
8906
9863
8517
8581
8583
10149
9565
8570
8633
8501
8641
8564
8661
8775
8654
8723
8725
8573
8699
9027
10853
10852
8641
8669
8709
8527
8640
9686
9125
10112
8837
9182
8531
8602
9821
8530
10425
8621
9022
9594
9752
10060
10171
8622
8656
8574
8597
8545
8583
8612
8745
10694
8590
8598
8691
8581
9144
9598
8666
10479
9396
8674
8969
8619
8672
8776
8565
8582
8621
8733
8735
8711
8598
8834
10557
8555
8650
8557
9431
8727
8554
8664
9765
10595
8987
9651
8576
9401
8596
8599
8557
9404
9720
10711
8807
8579
8570
8656
8657
9926
8612
8684
10516
8803
8611
9895
8749
10210
8596
8734
8646
8686
8766
8583
10206
9150
8659
8682
8856
8664
9157
9710
9802
8757
8758
8764
8800
8684
8730
8655
8657
8689
8960
9453
9633
10201
8811
9865
8747
8711
9041
9085
8668
8677
10006
10087
8740
8744
8878
8658
9919
8755
10683
8685
8707
8677
8703
8692
8616
9081
8754
8619
9338
9489
8619
8649
8686
9265
8650
8682
8613
8663
8624
8788
8810
8859
8811
8845
8649
8978
8655
8682
8833
8632
8641
9792
10134
10192
8828
8794
8666
8646
8704
8922
9813
9889
8775
9110
8929
9520
9901
8748
9244
10151
8656
8832
8838
8677
9223
10120
8658
8740
8698
8711
8647
8845
9946
9617
8679
8839
8973
9676
8688
8831
9417
9351
8853
8906
8958
8734
8743
8689
9629
8665
8857
8793
8665
9186
8681
8770
8788
10544
8730
8821
8743
8758
9753
10352
8703
8786
8852
9135
9092
9699
8707
8747
9031
9096
8830
9472
8700
8920
8953
9121
8714
8895
9102
8758
8804
9998
10227
8837
9688
8777
8705
8749
8755
8955
9547
8719
8778
8797
8858
8982
9129
8809
8878
8807
8765
8770
8860
8902
9599
8776
8827
8794
8765
8786
8946
9780
8748
8781
9127
8804
8862
9395
8814
8961
8745
8909
9024
9631
8803
9769
8781
8797
8935
9432
9724
9736
9858
8733
8765
8774
10768
8794
9045
8745
9293
10279
8763
8940
8753
8889
8964
8797
8916
8814
9413
10728
8821
8842
10133
8910
9079
8761
8821
8930
8950
8876
8937
8999
8793
9467
9048
9297
10727
9904
8804
8936
8787
8992
8851
8867
8775
9807
8820
8882
10138
9167
8809
8894
8902
8834
8803
9647
8827
9162
8822
9044
10478
10304
8976
8828
9171
9146
9716
9782
10216
8824
8858
8805
8825
8984
8855
8886
8889
8948
8805
8855
8894
9039
8918
10187
9030
8824
8817
8997
8812
8842
8876
9610
10102
9515
10659
10314
10736
10217
8814
8873
9294
8907
9357
10738
9267
10784
9223
10214
10686
8947
8888
8973
10157
8820
8855
8963
8986
8988
10021
9074
8853
9662
8923
9147
9075
9115
8920
8971
10408
9323
8830
8852
8832
10383
10405
8852
9184
8857
9614
8857
9047
10436
10857
9036
9082
10667
8991
10067
10147
9621
9507
10866
8965
9814
9950
8851
8861
8927
8895
8910
9044
9128
8856
9378
9712
8886
8928
8921
8993
8943
9000
9595
8886
8960
9456
9706
10005
9764
10212
10231
10279
10067
8941
9042
8876
8954
8880
9131
8907
8971
9188
9405
9068
9485
9064
10641
9356
9081
9803
10404
9253
9487
9503
9805
8997
9047
9812
10544
9577
8894
8954
9144
9106
10373
9779
9604
9664
10337
9572
9468
9183
8921
8998
8971
9043
9053
8941
9122
9189
8940
9648
9128
9435
10500
9854
10829
9853
10830
8948
10687
9034
10782
9115
9228
9327
9023
8947
9623
9098
9103
10152
8965
9037
10501
8964
8998
9180
9254
8945
9071
8940
10019
9066
9119
9951
9024
9075
10559
8984
9050
8993
9459
8991
9534
8942
9726
9856
10558
9091
9740
8984
9319
9891
10084
8972
9068
8976
8963
10581
10595
8991
9758
9063
9119
9137
9027
9030
9051
9111
9164
9173
9708
9559
10585
9042
9064
9152
9352
9757
9042
9939
9790
8988
8979
10723
9822
10105
9286
8975
9076
9068
9076
9029
9261
10750
9060
9745
8986
9286
10586
9102
9440
10942
9616
9058
10673
9126
9452
9679
9363
10163
9552
9628
9037
9053
9257
9047
9048
9324
10617
10293
9371
9057
9290
9111
9195
9050
9186
9228
10732
10579
9306
9308
9305
9307
9303
9310
9315
10088
9308
10065
9313
10087
10502
9305
9972
9307
10387
9304
10619
9312
9314
9306
9971
9302
9309
9311
9302
9312
9303
9315
9309
9311
9304
9314
9310
9313
10462
9071
9221
9046
9060
9192
9588
9594
9094
9520
9091
9178
10486
10582
9041
9103
9956
10447
10770
9051
9111
9458
9522
9129
9271
9135
9867
9127
9153
10236
9502
9059
9458
9173
9212
9343
9098
9122
9171
9582
9253
9274
10239
9126
10382
10221
9110
9114
10057
10259
9821
9842
9987
10421
10910
10531
9423
10466
10119
10492
9157
9662
9142
9274
9608
10625
10335
10554
10357
9642
9446
10193
10527
9280
9745
9152
9179
9992
9121
9137
9142
9547
9129
9139
10138
9284
9311
9957
10097
9130
9177
9473
10242
9907
9926
9422
9518
9780
10727
9135
9407
10520
9999
10193
9823
10638
10208
9379
10314
9973
9393
9696
10310
9549
9155
9142
9175
9162
9283
10180
10234
10077
10714
9708
9715
10197
9164
9939
10162
9374
9363
9390
9671
10191
9183
9711
9511
9152
9191
9387
9568
9388
9567
9466
9484
9522
9613
9195
9327
9173
10039
10018
9419
9553
9681
10453
10810
9184
9680
9927
10235
10762
10843
10448
9325
9486
9947
9703
9371
9189
9271
9212
9278
9204
9244
9444
9668
10781
10611
9368
9183
9862
9216
9267
9970
9601
9461
9945
10013
9204
9327
9349
9745
10560
9194
9514
9280
9405
10754
9266
9402
10587
10854
10816
9670
9852
9669
9851
9218
9448
9827
10431
10536
9266
9289
9378
9636
9854
9637
9853
9320
9412
9497
10138
9566
9933
10878
9264
9278
10701
10055
9805
9713
10209
9419
9500
9504
9814
10291
9446
10280
9417
10293
10666
9599
10036
10349
9546
9817
10449
10537
9791
10725
9657
10124
9654
9656
10091
10125
9637
9655
9636
9659
9652
9658
9653
9660
9652
10092
9653
9655
9656
9658
9654
9660
9657
9659
10291
10447
9480
9530
9638
9816
9266
9578
9649
10352
10533
9332
9382
9289
9326
9438
10327
9326
9332
9359
9395
9410
10229
10439
10228
10438
9271
9573
9960
10760
9306
9305
9777
9777
10648
9864
10697
10036
10360
9676
9688
9326
9704
10086
9530
9605
9855
10681
9545
9583
10357
9698
10001
9732
9376
9976
10128
9719
10017
9294
9811
10266
10137
10289
10409
10638
10799
10925
10300
10555
9684
9395
9440
9719
9735
9545
9560
10497
9380
10731
10457
10867
9459
10769
9435
10774
10308
10570
10346
9382
10056
10194
10758
10737
10729
10730
9820
10126
9492
9554
9902
9735
9751
9372
9605
9984
10417
10480
10844
9934
9599
10734
10252
10764
9617
9537
9667
10693
9919
10080
9773
10107
9751
9772
10600
9412
9517
10055
10265
10343
10169
10548
10819
9591
9857
9438
10252
9427
9496
9460
9504
10062
10626
10828
9393
9553
9403
10267
9772
9793
9773
9794
9357
9402
9785
9836
9739
9821
9514
10542
9382
9462
9477
9384
9560
9579
10802
9683
9606
9718
9462
9482
9809
9615
9793
9815
9794
10284
9884
10025
10025
9669
10779
9670
10780
9754
9379
10002
10142
9497
9579
9815
9829
10622
9831
9847
9690
9511
9394
9413
10465
10603
9605
9720
9738
10048
10292
9829
9831
10274
10275
9563
9640
9843
9417
10811
10450
10146
10283
9850
9405
9467
9842
9926
9906
9955
9808
9840
10327
10534
9903
9534
9786
9914
9485
9635
9583
9828
9427
9769
10303
10302
9561
9857
9847
9917
9661
10705
9941
10328
9838
9915
10143
9477
9714
10624
10749
9482
9558
10638
9759
10379
9492
10509
9485
9582
9634
10626
9859
9631
10532
9922
9932
10416
10764
9738
9799
9907
9977
10154
10230
10024
10024
10567
10861
9563
9614
9622
9552
9561
10158
10064
10934
10817
9546
10820
10078
9902
9978
9917
9922
9906
10187
10029
10034
10792
9510
9635
10049
10862
9517
9558
9823
10095
10175
10540
10691
10708
10319
9764
9945
10380
10654
10489
10698
9989
9993
9577
10620
10412
9630
10649
9643
9875
9622
9640
10539
9932
9995
9859
10290
10041
10059
10286
10381
10158
10023
10870
9546
9602
9956
10035
10363
10798
9628
9674
9696
9796
9692
9825
10699
9561
9674
9678
9747
10203
10290
10309
10841
9533
9799
9824
10116
9833
9978
10094
9674
9975
9640
9678
10467
9532
10219
9591
9598
10081
9731
9825
10070
10286
9528
9790
10175
9581
9954
10583
10043
10046
9566
9860
10173
10258
9578
10329
10810
9633
10089
10234
10616
9541
10032
10687
9757
10133
9837
9824
9845
9911
9989
9995
10033
10312
9555
10900
9691
9844
10418
9916
9993
10051
9553
9756
9781
9725
9782
9849
10059
10607
9616
9679
9742
10819
9858
10325
10404
9845
9849
10817
10816
10685
9698
10071
9837
9557
10206
9623
10453
10264
9717
9743
10149
9627
10179
10093
10332
10471
10801
9629
10543
10016
9985
10043
10114
10096
10169
10487
9630
9832
9838
9982
10713
10035
10340
10046
10051
10370
10771
9689
10225
10586
9776
9991
10533
10071
10127
10264
10616
9618
9962
10269
9634
10627
10670
10060
10120
10015
10492
10145
10096
10131
9905
10561
9862
10400
9608
9998
9668
10250
10210
10336
9796
10270
10744
10098
10425
10515
10669
10399
9623
9676
10187
9924
10119
10276
10523
10524
10576
10131
10426
10114
10127
10130
10165
10132
10192
9776
10806
10805
9690
10661
10470
9832
10100
10330
10547
9696
9702
10204
9688
10045
10279
9684
10654
9732
9786
9968
9933
9983
10612
10778
9798
10563
10451
10200
10610
10838
10123
10184
9690
9828
9856
10249
10460
10470
10415
9702
10362
10361
10101
10122
9950
10601
9909
10675
10428
10245
10454
10073
10106
10110
9850
10371
9766
9781
9704
9770
9786
10129
10171
10227
9955
10033
10174
10202
9791
10658
9968
10129
9734
10434
10665
9770
9778
10278
10482
10441
9718
10167
10090
10456
10485
9723
9945
9730
10469
10144
10359
10471
10282
10135
9746
10734
9974
9788
10898
10508
10148
10177
10572
10650
9760
10566
10480
10845
9768
10256
10441
10153
10178
10455
10173
10150
10424
9968
10267
10000
10006
10083
10282
10076
10541
9754
10135
9861
9915
9866
10014
10691
10702
10792
9865
10160
10412
10490
10579
10662
9775
10165
10529
10387
10425
10029
10702
10751
10513
9781
10837
10115
10725
9793
10545
10589
10262
10285
10261
10374
10056
10324
10437
10515
10191
9833
10090
10230
10767
10348
10364
10446
10761
9964
10467
9867
10529
10180
10635
9817
9902
10478
10191
10868
10406
10764
9825
9963
10739
10565
9850
10596
10384
10461
10585
10590
10440
10111
9809
10020
10601
10565
9987
10675
10769
10440
10447
10222
10484
10479
10607
10895
9957
10053
10641
10008
10450
10594
9833
9994
10576
10594
10636
9851
9853
9852
9854
10374
10422
10215
10222
10073
10733
9974
10682
10066
10502
10660
10831
10720
10719
10164
10458
9862
10432
10177
10238
10178
10237
10615
10176
10550
10124
10429
10604
10430
10605
10390
10413
10391
10414
10388
10395
10389
10398
10392
10548
10394
10401
10388
10393
10389
10396
10390
10393
10392
10399
10391
10396
10394
10400
10288
10395
10399
10468
10402
10472
10398
10400
10550
10402
10403
10622
10401
10403
10691
10544
9929
10844
10123
10460
10597
10454
10592
10753
10877
10602
9978
10581
10326
10288
10147
10112
10118
10157
10656
10701
10090
10746
9984
10250
10372
10409
10589
10683
10666
10413
10444
10011
10414
10445
10410
10107
10494
10619
10246
10661
10136
10315
10476
9935
9970
10459
10474
10140
10356
10141
10355
10382
9964
10152
10621
10032
10765
10881
10576
10306
10677
9979
10429
10444
10430
10445
10106
10119
10464
10477
10950
10012
10615
10411
10777
10307
10483
10358
10890
10233
10285
9975
10802
10128
10582
10459
10464
10767
10434
10657
10523
10524
10100
10101
10540
10073
10815
10009
10423
10910
10236
10301
10603
10271
10039
10528
10239
10305
10528
10943
10030
10342
10580
9996
10342
10519
10786
10009
10288
10280
10426
10892
10058
10328
10427
10285
10068
10951
10088
10490
10647
10028
10551
10794
10385
10086
10117
10769
10493
10077
10553
10063
10110
10122
10837
10031
10167
10865
10814
10283
10311
10744
10405
10428
10462
10048
10581
10254
10873
10297
10311
10317
10553
10944
10931
10939
10415
10557
10318
10333
10571
10797
10054
10817
10317
10322
10289
10351
10303
10302
10381
10758
10095
10628
10333
10341
10351
10749
10323
10530
10435
10599
10513
10598
10336
10611
10773
10120
10454
10477
10373
10509
10748
10369
10431
10653
10510
10659
10786
10710
10435
10730
10787
10600
10664
10664
10130
10184
10313
10268
10313
10902
10123
10174
10890
10103
10549
10157
10549
10145
10526
10244
10460
10474
10572
10562
10115
10449
10631
10732
10593
10732
10195
10483
10407
10407
10298
10309
10731
10759
10891
10609
10223
10793
10717
10759
10774
10459
10164
10681
10947
10780
10779
10238
10262
10237
10261
10147
10464
10499
10789
10199
10424
10165
10446
10721
10408
10176
10697
10948
10322
10353
10476
10510
10659
10546
10878
10811
10872
10338
10366
10456
10824
10636
10468
10672
10593
10668
10876
10182
10183
10202
10568
10318
10366
10485
10577
10863
10573
10692
10754
10305
10495
10570
10301
10496
10555
10466
10192
10201
10350
10353
10600
10307
10253
10582
10903
10265
10437
10545
10206
10271
10498
10757
10788
10938
10493
10351
10713
10742
10696
10814
10757
10783
10418
10347
10542
10472
10689
10368
10632
10752
10763
10656
10663
10657
10665
10311
10722
10755
10595
10226
10284
10256
10370
10901
10241
10292
10274
10321
10275
10488
10596
10731
10374
10326
10561
10676
10874
10875
10674
10332
10902
10260
10364
10323
10926
10456
10262
10850
10261
10847
10923
10257
10908
10416
10467
10539
10410
10503
10741
10929
10270
10614
10588
10497
10929
10357
10371
10533
10604
10835
10605
10834
10344
10711
10891
10363
10469
10623
10740
10715
10821
10630
10770
10740
10690
10589
10735
10502
10893
10870
10515
10737
10328
10546
10621
10816
10942
10564
10703
10704
10810
10569
10894
10819
10669
10369
10556
10538
10946
10608
10743
10825
10772
10578
10380
10770
10845
10885
10584
10508
10837
10436
10793
10784
10631
10871
10948
10776
10438
10735
10439
10899
10543
10525
10800
10862
10627
10611
10856
10542
10427
10432
10667
10771
10640
10498
10516
10809
10643
10644
10892
10473
10759
10378
10796
10377
10795
10651
10670
10745
10889
10782
10628
10385
10554
10634
10859
10633
10858
10643
10644
10517
10613
10801
10494
10612
10397
10653
10855
10947
10815
10506
10507
10842
10846
10884
10887
10914
10933
10766
10910
10419
10792
10422
10781
10705
10913
10915
10648
10861
10562
10545
10777
10532
10539
10901
10567
10651
10826
10511
10512
10706
10710
10861
10738
10832
10836
10481
10552
10458
10513
10618
10494
10655
10839
10484
10700
10519
10805
10509
10549
10669
10489
10865
10906
10880
10883
10717
10619
10772
10902
10712
10855
10935
10820
10776
10629
10548
10867
10953
10932
10763
10526
10674
10676
10694
10563
10635
10812
10564
10656
10569
10657
10829
10853
10830
10852
10848
10849
10688
10725
10922
10670
10584
10674
10835
10896
10834
10897
10646
10702
10578
10676
10860
10889
10574
10574
10654
10680
10771
10653
10681
10631
10697
10646
10866
10556
10575
10679
10804
10894
10630
10821
10871
10869
10700
10673
10750
10665
10703
10663
10704
10745
10934
10751
10767
10818
10685
10783
10623
10825
10715
10874
10662
10743
10875
10686
10642
10685
10678
10678
10738
10928
10624
10898
10637
10652
10831
10606
10760
10877
10881
10645
10924
10774
10823
10618
10775
10790
10680
10840
10900
10785
10768
10726
10707
10755
10911
10909
10909
10749
10721
10761
10742
10897
10896
10851
10649
10672
10756
10917
10739
10744
10828
10909
10779
10780
10908
10808
10799
10750
10917
10689
10790
10699
10673
10680
10755
10825
10839
10945
10886
10866
10841
10843
10734
10766
10747
10888
10748
10811
10721
10924
10864
10742
10821
10807
10856
10865
10756
10836
10949
10932
10729
10815
10905
10775
10879
10927
10917
10832
10776
10794
10848
10872
10786
10796
10829
10795
10830
10772
10849
10876
10798
10814
10900
10803
10925
10802
10937
10911
10797
10882
10914
10933
10778
10804
10878
10860
10891
10839
10935
10844
10869
10927
10880
10886
10806
10833
10818
10903
10828
10807
10937
10883
10888
10827
10863
10838
10885
10857
10847
10852
10853
10850
10807
10803
10916
10931
10932
10931
10928
10813
10895
10827
10864
10908
10890
10892
10856
10922
10851
10845
10838
10944
10943
10867
10938
10904
10918
10936
10907
10919
10874
10884
10887
10875
10920
10893
10899
10913
10940
10923
10929
10927
10941
10926
10915
10904
10949
10907
10940
10941
10906
10912
10904
10921
10907
10934
10920
10903
10949
10914
10918
10919
10939
10947
10948
10950
10951
10942
10945
10938
10946
10943
10944
)


// ************************************************************************* //
